Date,Height,U-component,V-component,gap,gap_center
2003-01-01,0.6657000000000001,-0.0757,0.0409,0.6657000000000001,0.6657000000000001
2003-01-02,0.6659,-0.0756,0.0383,0.6659,0.6659
2003-01-03,0.6682,-0.0713,0.0333,0.6682,0.6682
2003-01-04,0.6689,-0.0631,0.0448,0.6689,0.6689
2003-01-05,0.6687000000000001,-0.0505,0.050100000000000006,0.6687000000000001,0.6687000000000001
2003-01-06,0.6716000000000001,-0.0418,0.0345,0.6716000000000001,0.6716000000000001
2003-01-07,0.6729999999999999,-0.0412,0.0277,0.6729999999999999,0.6729999999999999
2003-01-08,0.6733,-0.0273,0.022,0.6733,0.6733
2003-01-09,0.6755,-0.0256,0.0128,0.6755,0.6755
2003-01-10,0.6773,-0.015700000000000002,0.0179,0.6773,0.6773
2003-01-11,0.6808000000000001,-0.0124,0.0215,0.6808000000000001,0.6808000000000001
2003-01-12,0.6823,0.0015,0.0244,0.6823,0.6823
2003-01-13,0.6854,0.0007,0.0342,0.6854,0.6854
2003-01-14,0.6851,-0.0059,0.0268,0.6851,0.6851
2003-01-15,0.6872,0.0086,0.0291,0.6872,0.6872
2003-01-16,0.6912,0.00030000000000000003,0.0349,0.6912,0.6912
2003-01-17,0.6907,-0.0059,0.0296,0.6907,0.6907
2003-01-18,0.6907,-0.0126,0.028999999999999998,0.6907,0.6907
2003-01-19,0.6937,-0.0142,0.0354,0.6937,0.6937
2003-01-20,0.6954,-0.0303,0.0342,0.6954,0.6954
2003-01-21,0.6979000000000001,-0.046200000000000005,0.0393,0.6979000000000001,0.6979000000000001
2003-01-22,0.6978000000000001,-0.0481,0.0207,0.6978000000000001,0.6978000000000001
2003-01-23,0.7000000000000001,-0.0609,0.029400000000000006,0.7000000000000001,0.7000000000000001
2003-01-24,0.7019000000000001,-0.07690000000000001,0.031,0.7019000000000001,0.7019000000000001
2003-01-25,0.7017,-0.0707,0.0286,0.7017,0.7017
2003-01-26,0.7052,-0.08360000000000001,0.0374,0.7052,0.7052
2003-01-27,0.7057,-0.0782,0.0334,0.7057,0.7057
2003-01-28,0.7078,-0.0935,0.035300000000000005,0.7078,0.7078
2003-01-29,0.7115,-0.1116,0.037000000000000005,0.7115,0.7115
2003-01-30,0.7127,-0.1072,0.032100000000000004,0.7127,0.7127
2003-01-31,0.7152000000000001,-0.0987,0.0376,0.7152000000000001,0.7152000000000001
2003-02-01,0.7196,-0.0934,0.0413,0.7196,0.7196
2003-02-02,0.7231000000000001,-0.08710000000000001,0.0395,0.7231000000000001,0.7231000000000001
2003-02-03,0.7258,-0.083,0.043,0.7258,0.7258
2003-02-04,0.73,-0.0834,0.0431,0.73,0.73
2003-02-05,0.7324,-0.06960000000000001,0.049,0.7324,0.7324
2003-02-06,0.7369,-0.06330000000000001,0.0531,0.7369,0.7369
2003-02-07,0.7393000000000001,-0.0527,0.0506,0.7393000000000001,0.7393000000000001
2003-02-08,0.7453000000000001,-0.07150000000000001,0.0625,0.7453000000000001,0.7453000000000001
2003-02-09,0.7499,-0.06150000000000001,0.0627,0.7499,0.7499
2003-02-10,0.755,-0.0522,0.0653,0.755,0.755
2003-02-11,0.7588,-0.0502,0.0828,0.7588,0.7588
2003-02-12,0.7621,-0.0372,0.0867,0.7621,0.7621
2003-02-13,0.7651,-0.0403,0.0873,0.7651,0.7651
2003-02-14,0.7637,-0.0192,0.0965,0.7637,0.7637
2003-02-15,0.7686000000000001,-0.0101,0.1127,0.7686000000000001,0.7686000000000001
2003-02-16,0.7716000000000001,-0.0056,0.1162,0.7716000000000001,0.7716000000000001
2003-02-17,0.7746000000000001,-0.0166,0.114,0.7746000000000001,0.7746000000000001
2003-02-18,0.7774000000000001,-0.0058000000000000005,0.1204,0.7774000000000001,0.7774000000000001
2003-02-19,0.7807000000000001,-0.0198,0.1249,0.7807000000000001,0.7807000000000001
2003-02-20,0.7853,-0.0253,0.1297,0.7853,0.7853
2003-02-21,0.7888000000000001,-0.0419,0.1316,0.7888000000000001,0.7888000000000001
2003-02-22,0.79,-0.07440000000000001,0.1209,0.79,0.79
2003-02-23,0.7883,-0.1099,0.1087,0.7883,0.7883
2003-02-24,0.7914,-0.1618,0.099,0.7914,0.7914
2003-02-25,0.7933,-0.1943,0.092,0.7933,0.7933
2003-02-26,0.7915000000000001,-0.2268,0.0632,0.7915000000000001,0.7915000000000001
2003-02-27,0.7898000000000001,-0.2617,0.0481,0.7898000000000001,0.7898000000000001
2003-02-28,0.7896000000000001,-0.2879,0.0417,0.7896000000000001,0.7896000000000001
2003-03-01,0.7903,-0.3165,0.035300000000000005,0.7903,0.7903
2003-03-02,0.7897000000000001,-0.3423,0.032100000000000004,0.7897000000000001,0.7897000000000001
2003-03-03,0.7881,-0.3531,0.0204,0.7881,0.7881
2003-03-04,0.7869,-0.3758,0.008400000000000001,0.7869,0.7869
2003-03-05,0.7842,-0.3676,0.0187,0.7842,0.7842
2003-03-06,0.7859,-0.35950000000000004,0.0103,0.7859,0.7859
2003-03-07,0.7859999999999999,-0.3518,0.0091,0.7859999999999999,0.7859999999999999
2003-03-08,0.7843,-0.3341,0.0097,0.7843,0.7843
2003-03-09,0.7824,-0.32299999999999995,0.0028,0.7824,0.7824
2003-03-10,0.7844,-0.3055,-0.0014,0.7844,0.7844
2003-03-11,0.7831,-0.2854,-0.0064,0.7831,0.7831
2003-03-12,0.7822,-0.2684,0.0016,0.7822,0.7822
2003-03-13,0.7812,-0.2458,0.0058000000000000005,0.7812,0.7812
2003-03-14,0.782,-0.2226,0.013,0.782,0.782
2003-03-15,0.7834,-0.2129,0.0149,0.7834,0.7834
2003-03-16,0.7834,-0.1935,0.012,0.7834,0.7834
2003-03-17,0.7841,-0.1766,0.0105,0.7841,0.7841
2003-03-18,0.7821,-0.17450000000000002,0.0055000000000000005,0.7821,0.7821
2003-03-19,0.7797000000000001,-0.1527,0.0005,0.7797000000000001,0.7797000000000001
2003-03-20,0.7766000000000001,-0.1489,-0.0008,0.7766000000000001,0.7766000000000001
2003-03-21,0.7787000000000001,-0.15810000000000002,0.0048,0.7787000000000001,0.7787000000000001
2003-03-22,0.7767000000000001,-0.1756,0.0096,0.7767000000000001,0.7767000000000001
2003-03-23,0.7774000000000001,-0.1759,0.0252,0.7774000000000001,0.7774000000000001
2003-03-24,0.7786000000000001,-0.1835,0.0378,0.7786000000000001,0.7786000000000001
2003-03-25,0.7777000000000001,-0.1955,0.0495,0.7777000000000001,0.7777000000000001
2003-03-26,0.7753,-0.2059,0.069,0.7753,0.7753
2003-03-27,0.777,-0.2139,0.08170000000000001,0.777,0.777
2003-03-28,0.7778,-0.2276,0.0891,0.7778,0.7778
2003-03-29,0.7783,-0.2368,0.113,0.7783,0.7783
2003-03-30,0.7803,-0.2322,0.1303,0.7803,0.7803
2003-03-31,0.785,-0.2417,0.16770000000000002,0.785,0.785
2003-04-01,0.7901,-0.2581,0.1918,0.7901,0.7901
2003-04-02,0.7941,-0.2772,0.1964,0.7941,0.7941
2003-04-03,0.8018000000000001,-0.2904,0.214,0.8018000000000001,0.8018000000000001
2003-04-04,0.8130000000000001,-0.3174,0.2268,0.8130000000000001,0.8130000000000001
2003-04-05,0.8197,-0.33590000000000003,0.2353,0.8197,0.8197
2003-04-06,0.8273,-0.3578,0.2401,0.8273,0.8273
2003-04-07,0.8304,-0.3926,0.2281,0.8304,0.8304
2003-04-08,0.8369000000000001,-0.3986,0.2297,0.8369000000000001,0.8369000000000001
2003-04-09,0.8446,-0.4334,0.2124,0.8446,0.8446
2003-04-10,0.8530000000000001,-0.4644,0.1869,0.8530000000000001,0.8530000000000001
2003-04-11,0.8586,-0.4952,0.1645,0.8586,0.8586
2003-04-12,0.86,-0.5277000000000001,0.1468,0.86,0.86
2003-04-13,0.8598,-0.5536,0.1285,0.8598,0.8598
2003-04-14,0.8617,-0.5804,0.1038,0.8617,0.8617
2003-04-15,0.8603000000000001,-0.5984,0.0786,0.8603000000000001,0.8603000000000001
2003-04-16,0.8603000000000001,-0.6085,0.05830000000000001,0.8603000000000001,0.8603000000000001
2003-04-17,0.8591000000000001,-0.6223000000000001,0.039900000000000005,0.8591000000000001,0.8591000000000001
2003-04-18,0.8545,-0.6473,0.0022,0.8545,0.8545
2003-04-19,0.8492000000000001,-0.649,-0.0204,0.8492000000000001,0.8492000000000001
2003-04-20,0.8437,-0.6504,-0.046200000000000005,0.8437,0.8437
2003-04-21,0.8387,-0.6532,-0.0644,0.8387,0.8387
2003-04-22,0.8306,-0.6491,-0.0826,0.8306,0.8306
2003-04-23,0.8261000000000001,-0.65,-0.1083,0.8261000000000001,0.8261000000000001
2003-04-24,0.8181,-0.6511,-0.1105,0.8181,0.8181
2003-04-25,0.8062,-0.6349,-0.1064,0.8062,0.8062
2003-04-26,0.7999,-0.6333000000000001,-0.1012,0.7999,0.7999
2003-04-27,0.7939,-0.6303000000000001,-0.0911,0.7939,0.7939
2003-04-28,0.7867000000000001,-0.6191,-0.07830000000000001,0.7867000000000001,0.7867000000000001
2003-04-29,0.7794000000000001,-0.6054,-0.0533,0.7794000000000001,0.7794000000000001
2003-04-30,0.7709999999999999,-0.5849,-0.033,0.7709999999999999,0.7709999999999999
2003-05-01,0.7659999999999999,-0.5716,0.0041,0.7659999999999999,0.7659999999999999
2003-05-02,0.7616,-0.5487000000000001,0.0313,0.7616,0.7616
2003-05-03,0.7589,-0.5322,0.0654,0.7589,0.7589
2003-05-04,0.7559999999999999,-0.5023,0.1073,0.7559999999999999,0.7559999999999999
2003-05-05,0.7577,-0.4755,0.1474,0.7577,0.7577
2003-05-06,0.7576,-0.4453,0.1758,0.7576,0.7576
2003-05-07,0.7588,-0.4415,0.2274,0.7588,0.7588
2003-05-08,0.7612,-0.4381,0.2525,0.7612,0.7612
2003-05-09,0.7639,-0.4084,0.2801,0.7639,0.7639
2003-05-10,0.7664000000000001,-0.3955,0.3183,0.7664000000000001,0.7664000000000001
2003-05-11,0.7692,-0.3791,0.34840000000000004,0.7692,0.7692
2003-05-12,0.7724000000000001,-0.365,0.3713,0.7724000000000001,0.7724000000000001
2003-05-13,0.7791,-0.34140000000000004,0.4013000000000001,0.7791,0.7791
2003-05-14,0.7861,-0.3357,0.4009,0.7861,0.7861
2003-05-15,0.7906000000000001,-0.3226,0.4005,0.7906000000000001,0.7906000000000001
2003-05-16,0.7951,-0.3206,0.4138,0.7951,0.7951
2003-05-17,0.7999,-0.30910000000000004,0.3981,0.7999,0.7999
2003-05-18,0.8018000000000001,-0.2917,0.4008000000000001,0.8018000000000001,0.8018000000000001
2003-05-19,0.8063,-0.2882,0.385,0.8063,0.8063
2003-05-20,0.81,-0.2591,0.35050000000000003,0.81,0.81
2003-05-21,0.8109999999999999,-0.2335,0.3289,0.8109999999999999,0.8109999999999999
2003-05-22,0.8112,-0.2254,0.2998,0.8112,0.8112
2003-05-23,0.8130000000000001,-0.2036,0.2723,0.8130000000000001,0.8130000000000001
2003-05-24,0.8152,-0.1909,0.2429,0.8152,0.8152
2003-05-25,0.8138000000000001,-0.1666,0.2123,0.8138000000000001,0.8138000000000001
2003-05-26,0.8114,-0.13240000000000002,0.1864,0.8114,0.8114
2003-05-27,0.8104,-0.1154,0.14850000000000002,0.8104,0.8104
2003-05-28,0.8059999999999999,-0.1131,0.1234,0.8059999999999999,0.8059999999999999
2003-05-29,0.8035,-0.1027,0.0941,0.8035,0.8035
2003-05-30,0.794,-0.08610000000000001,0.06150000000000001,0.794,0.794
2003-05-31,0.7887000000000001,-0.0748,0.035,0.7887000000000001,0.7887000000000001
2003-06-01,0.7817000000000001,-0.0568,0.006,0.7817000000000001,0.7817000000000001
2003-06-02,0.7765000000000001,-0.0529,-0.024,0.7765000000000001,0.7765000000000001
2003-06-03,0.7704000000000001,-0.0611,-0.054200000000000005,0.7704000000000001,0.7704000000000001
2003-06-04,0.7622,-0.0502,-0.08370000000000001,0.7622,0.7622
2003-06-05,0.7546,-0.043300000000000005,-0.1053,0.7546,0.7546
2003-06-06,0.7494000000000001,-0.0291,-0.1199,0.7494000000000001,0.7494000000000001
2003-06-07,0.7406,-0.0337,-0.1468,0.7406,0.7406
2003-06-08,0.7336,-0.0153,-0.1625,0.7336,0.7336
2003-06-09,0.7256,-0.0051,-0.1793,0.7256,0.7256
2003-06-10,0.7167,0.0066,-0.1837,0.7167,0.7167
2003-06-11,0.7117,0.0281,-0.1825,0.7117,0.7117
2003-06-12,0.7073,0.0481,-0.1593,0.7073,0.7073
2003-06-13,0.7024,0.0734,-0.1461,0.7024,0.7024
2003-06-14,0.6960000000000001,0.0855,-0.1395,0.6960000000000001,0.6960000000000001
2003-06-15,0.6866,0.1067,-0.1305,0.6866,0.6866
2003-06-16,0.6779000000000001,0.1296,-0.1165,0.6779000000000001,0.6779000000000001
2003-06-17,0.6734,0.17370000000000002,-0.0957,0.6734,0.6734
2003-06-18,0.6701,0.192,-0.0674,0.6701,0.6701
2003-06-19,0.6682,0.1985,-0.0304,0.6682,0.6682
2003-06-20,0.6672,0.2048,-0.0095,0.6672,0.6672
2003-06-21,0.6659999999999999,0.2127,0.0139,0.6659999999999999,0.6659999999999999
2003-06-22,0.6677000000000001,0.2131,0.036500000000000005,0.6677000000000001,0.6677000000000001
2003-06-23,0.6727000000000001,0.2102,0.0528,0.6727000000000001,0.6727000000000001
2003-06-24,0.6741,0.2048,0.06910000000000001,0.6741,0.6741
2003-06-25,0.6764,0.1969,0.0911,0.6764,0.6764
2003-06-26,0.6773,0.1827,0.0987,0.6773,0.6773
2003-06-27,0.6794,0.1584,0.0961,0.6794,0.6794
2003-06-28,0.6797000000000001,0.1506,0.0848,0.6797000000000001,0.6797000000000001
2003-06-29,0.6818000000000001,0.1376,0.0734,0.6818000000000001,0.6818000000000001
2003-06-30,0.6822,0.1118,0.0821,0.6822,0.6822
2003-07-01,0.6835,0.0915,0.077,0.6835,0.6835
2003-07-02,0.6838000000000001,0.0703,0.0763,0.6838000000000001,0.6838000000000001
2003-07-03,0.6822,0.0442,0.0806,0.6822,0.6822
2003-07-04,0.6837000000000001,0.0127,0.0777,0.6837000000000001,0.6837000000000001
2003-07-05,0.6862,0.0014,0.0747,0.6862,0.6862
2003-07-06,0.6899000000000001,-0.0224,0.07680000000000001,0.6899000000000001,0.6899000000000001
2003-07-07,0.6896,-0.034800000000000005,0.0757,0.6896,0.6896
2003-07-08,0.6935,-0.0383,0.0713,0.6935,0.6935
2003-07-09,0.6955,-0.0363,0.07,0.6955,0.6955
2003-07-10,0.6986,-0.0324,0.06430000000000001,0.6986,0.6986
2003-07-11,0.6982,-0.0267,0.0625,0.6982,0.6982
2003-07-12,0.7015,-0.029900000000000006,0.057999999999999996,0.7015,0.7015
2003-07-13,0.6967,-0.0097,0.065,0.6967,0.6967
2003-07-14,0.6978000000000001,-0.0117,0.055400000000000005,0.6978000000000001,0.6978000000000001
2003-07-15,0.7025,-0.004,0.039,0.7025,0.7025
2003-07-16,0.7073,-0.0151,0.0403,0.7073,0.7073
2003-07-17,0.7105,-0.0102,0.0203,0.7105,0.7105
2003-07-18,0.7138,-0.0195,0.0029,0.7138,0.7138
2003-07-19,0.7130000000000001,-0.0262,-0.0273,0.7130000000000001,0.7130000000000001
2003-07-20,0.7158,-0.035300000000000005,-0.0558,0.7158,0.7158
2003-07-21,0.7156,-0.0591,-0.0726,0.7156,0.7156
2003-07-22,0.7200000000000001,-0.0635,-0.0721,0.7200000000000001,0.7200000000000001
2003-07-23,0.7185,-0.07010000000000001,-0.1006,0.7185,0.7185
2003-07-24,0.7169,-0.0772,-0.12610000000000002,0.7169,0.7169
2003-07-25,0.7143,-0.1022,-0.1293,0.7143,0.7143
2003-07-26,0.7146,-0.1051,-0.14120000000000002,0.7146,0.7146
2003-07-27,0.7182000000000001,-0.1244,-0.1328,0.7182000000000001,0.7182000000000001
2003-07-28,0.7204,-0.1292,-0.1368,0.7204,0.7204
2003-07-29,0.7233,-0.1078,-0.13240000000000002,0.7233,0.7233
2003-07-30,0.7233,-0.1091,-0.1331,0.7233,0.7233
2003-07-31,0.7226,-0.0927,-0.136,0.7226,0.7226
2003-08-01,0.7225,-0.0645,-0.1463,0.7225,0.7225
2003-08-02,0.7223,-0.046,-0.1452,0.7223,0.7223
2003-08-03,0.7205,-0.038,-0.1429,0.7205,0.7205
2003-08-04,0.7197,-0.0086,-0.15080000000000002,0.7197,0.7197
2003-08-05,0.7173,0.0325,-0.1582,0.7173,0.7173
2003-08-06,0.7099000000000001,0.0556,-0.1782,0.7099000000000001,0.7099000000000001
2003-08-07,0.7073,0.0741,-0.1873,0.7073,0.7073
2003-08-08,0.7025,0.0879,-0.1942,0.7025,0.7025
2003-08-09,0.6950000000000001,0.1078,-0.1953,0.6950000000000001,0.6950000000000001
2003-08-10,0.6882,0.1057,-0.1992,0.6882,0.6882
2003-08-11,0.6803,0.1101,-0.2013,0.6803,0.6803
2003-08-12,0.6741,0.0979,-0.1873,0.6741,0.6741
2003-08-13,0.6655,0.0829,-0.1935,0.6655,0.6655
2003-08-14,0.6626000000000001,0.0591,-0.17950000000000002,0.6626000000000001,0.6626000000000001
2003-08-15,0.6568,0.0381,-0.1807,0.6568,0.6568
2003-08-16,0.6542,0.0211,-0.1522,0.6542,0.6542
2003-08-17,0.6513,-0.006,-0.1447,0.6513,0.6513
2003-08-18,0.6479,-0.0324,-0.1318,0.6479,0.6479
2003-08-19,0.6478,-0.0313,-0.1333,0.6478,0.6478
2003-08-20,0.6456000000000001,-0.0453,-0.1415,0.6456000000000001,0.6456000000000001
2003-08-21,0.644,-0.047900000000000005,-0.1317,0.644,0.644
2003-08-22,0.6436000000000001,-0.0392,-0.1178,0.6436000000000001,0.6436000000000001
2003-08-23,0.6449,-0.0324,-0.11599999999999999,0.6449,0.6449
2003-08-24,0.6468,-0.0199,-0.1178,0.6468,0.6468
2003-08-25,0.6493,-0.006,-0.104,0.6493,0.6493
2003-08-26,0.6528,0.0269,-0.1028,0.6528,0.6528
2003-08-27,0.6557000000000001,0.0468,-0.1049,0.6557000000000001,0.6557000000000001
2003-08-28,0.6602,0.0526,-0.0997,0.6602,0.6602
2003-08-29,0.6638000000000001,0.0721,-0.0958,0.6638000000000001,0.6638000000000001
2003-08-30,0.6664,0.0974,-0.0964,0.6664,0.6664
2003-08-31,0.6723,0.1173,-0.0986,0.6723,0.6723
2003-09-01,0.6751,0.1328,-0.0997,0.6751,0.6751
2003-09-02,0.6763,0.1514,-0.0873,0.6763,0.6763
2003-09-03,0.6772,0.1683,-0.0924,0.6772,0.6772
2003-09-04,0.6763,0.1901,-0.07680000000000001,0.6763,0.6763
2003-09-05,0.6769000000000001,0.2128,-0.0834,0.6769000000000001,0.6769000000000001
2003-09-06,0.6763,0.2301,-0.0801,0.6763,0.6763
2003-09-07,0.6773,0.2466,-0.0707,0.6773,0.6773
2003-09-08,0.6751,0.26,-0.0688,0.6751,0.6751
2003-09-09,0.6734,0.27699999999999997,-0.0727,0.6734,0.6734
2003-09-10,0.6733,0.30160000000000003,-0.05710000000000001,0.6733,0.6733
2003-09-11,0.6701,0.3138,-0.0426,0.6701,0.6701
2003-09-12,0.6725,0.30460000000000004,-0.040999999999999995,0.6725,0.6725
2003-09-13,0.6712,0.3375,-0.0199,0.6712,0.6712
2003-09-14,0.6723,0.3538,-0.0263,0.6723,0.6723
2003-09-15,0.6667000000000001,0.3721,-0.015,0.6667000000000001,0.6667000000000001
2003-09-16,0.6669,0.3801,-0.0112,0.6669,0.6669
2003-09-17,0.6689,0.3845,-0.0213,0.6689,0.6689
2003-09-18,0.6665,0.4003,-0.027000000000000003,0.6665,0.6665
2003-09-19,0.6666000000000001,0.4193,-0.0153,0.6666000000000001,0.6666000000000001
2003-09-20,0.6685,0.4093,-0.0245,0.6685,0.6685
2003-09-21,0.6736000000000001,0.4062,-0.049,0.6736000000000001,0.6736000000000001
2003-09-22,0.6715,0.3973,-0.0714,0.6715,0.6715
2003-09-23,0.6711,0.3926,-0.0757,0.6711,0.6711
2003-09-24,0.6766,0.3933,-0.0546,0.6766,0.6766
2003-09-25,0.6739,0.3807,-0.0406,0.6739,0.6739
2003-09-26,0.6686000000000001,0.3655,-0.0469,0.6686000000000001,0.6686000000000001
2003-09-27,0.6626000000000001,0.3508,-0.0541,0.6626000000000001,0.6626000000000001
2003-09-28,0.6547000000000001,0.3436,-0.0634,0.6547000000000001,0.6547000000000001
2003-09-29,0.654,0.33180000000000004,-0.0396,0.654,0.654
2003-09-30,0.6525000000000001,0.3128,-0.0473,0.6525000000000001,0.6525000000000001
2003-10-01,0.6485000000000001,0.3165,-0.0283,0.6485000000000001,0.6485000000000001
2003-10-02,0.6408,0.2957,-0.0154,0.6408,0.6408
2003-10-03,0.636,0.2908,0.0002,0.636,0.636
2003-10-04,0.6302,0.2752,0.0152,0.6302,0.6302
2003-10-05,0.6262,0.2468,0.025900000000000003,0.6262,0.6262
2003-10-06,0.6202000000000001,0.2217,0.0405,0.6202000000000001,0.6202000000000001
2003-10-07,0.6134000000000001,0.2209,0.038,0.6134000000000001,0.6134000000000001
2003-10-08,0.6073000000000001,0.205,0.05690000000000001,0.6073000000000001,0.6073000000000001
2003-10-09,0.6062000000000001,0.1866,0.0575,0.6062000000000001,0.6062000000000001
2003-10-10,0.6025,0.1524,0.0549,0.6025,0.6025
2003-10-11,0.602,0.1232,0.05760000000000001,0.602,0.602
2003-10-12,0.6005,0.1153,0.0639,0.6005,0.6005
2003-10-13,0.6013000000000001,0.1036,0.0711,0.6013000000000001,0.6013000000000001
2003-10-14,0.6005,0.1045,0.08270000000000001,0.6005,0.6005
2003-10-15,0.5987,0.1067,0.08700000000000001,0.5987,0.5987
2003-10-16,0.5981000000000001,0.1218,0.1077,0.5981000000000001,0.5981000000000001
2003-10-17,0.5976,0.109,0.1305,0.5976,0.5976
2003-10-18,0.5965,0.1099,0.1456,0.5965,0.5965
2003-10-19,0.5956,0.1233,0.1605,0.5956,0.5956
2003-10-20,0.5942000000000001,0.13570000000000002,0.1554,0.5942000000000001,0.5942000000000001
2003-10-21,0.5962000000000001,0.13770000000000002,0.1587,0.5962000000000001,0.5962000000000001
2003-10-22,0.6008,0.1632,0.1505,0.6008,0.6008
2003-10-23,0.6026,0.17500000000000002,0.1476,0.6026,0.6026
2003-10-24,0.6052000000000001,0.2042,0.1491,0.6052000000000001,0.6052000000000001
2003-10-25,0.6078,0.2173,0.14750000000000002,0.6078,0.6078
2003-10-26,0.6073000000000001,0.2447,0.133,0.6073000000000001,0.6073000000000001
2003-10-27,0.6067,0.2731,0.1249,0.6067,0.6067
2003-10-28,0.6081,0.29510000000000003,0.1224,0.6081,0.6081
2003-10-29,0.6071000000000001,0.3251,0.124,0.6071000000000001,0.6071000000000001
2003-10-30,0.6086,0.3341,0.1075,0.6086,0.6086
2003-10-31,0.6074,0.3453,0.1055,0.6074,0.6074
2003-11-01,0.6079,0.3756,0.1136,0.6079,0.6079
2003-11-02,0.6097,0.3847,0.1001,0.6097,0.6097
2003-11-03,0.6082000000000001,0.4017,0.0944,0.6082000000000001,0.6082000000000001
2003-11-04,0.605,0.4149000000000001,0.0728,0.605,0.605
2003-11-05,0.6048,0.4280000000000001,0.08850000000000001,0.6048,0.6048
2003-11-06,0.6052000000000001,0.4406000000000001,0.1048,0.6052000000000001,0.6052000000000001
2003-11-07,0.6028,0.4444,0.1047,0.6028,0.6028
2003-11-08,0.604,0.4541,0.1027,0.604,0.604
2003-11-09,0.6021000000000001,0.4455,0.1,0.6021000000000001,0.6021000000000001
2003-11-10,0.6007,0.4418,0.1044,0.6007,0.6007
2003-11-11,0.6013000000000001,0.4476,0.1077,0.6013000000000001,0.6013000000000001
2003-11-12,0.601,0.44799999999999995,0.1086,0.601,0.601
2003-11-13,0.6,0.4523,0.1231,0.6,0.6
2003-11-14,0.6014,0.43799999999999994,0.1267,0.6014,0.6014
2003-11-15,0.6011000000000001,0.4208,0.1391,0.6011000000000001,0.6011000000000001
2003-11-16,0.606,0.4032,0.13720000000000002,0.606,0.606
2003-11-17,0.6037,0.401,0.1347,0.6037,0.6037
2003-11-18,0.6069,0.391,0.1277,0.6069,0.6069
2003-11-19,0.6078,0.3953,0.1172,0.6078,0.6078
2003-11-20,0.6076,0.3841,0.0942,0.6076,0.6076
2003-11-21,0.6102000000000001,0.36010000000000003,0.0888,0.6102000000000001,0.6102000000000001
2003-11-22,0.6085,0.3398,0.0971,0.6085,0.6085
2003-11-23,0.6057,0.3196,0.0914,0.6057,0.6057
2003-11-24,0.6086,0.3059,0.0726,0.6086,0.6086
2003-11-25,0.6081,0.2873,0.07740000000000001,0.6081,0.6081
2003-11-26,0.606,0.2842,0.0719,0.606,0.606
2003-11-27,0.6032000000000001,0.2639,0.0704,0.6032000000000001,0.6032000000000001
2003-11-28,0.5984,0.2492,0.0703,0.5984,0.5984
2003-11-29,0.5975,0.2476,0.0738,0.5975,0.5975
2003-11-30,0.5926,0.2349,0.08940000000000001,0.5926,0.5926
2003-12-01,0.5940000000000001,0.2134,0.0988,0.5940000000000001,0.5940000000000001
2003-12-02,0.5889,0.1805,0.0987,0.5889,0.5889
2003-12-03,0.5847,0.155,0.1083,0.5847,0.5847
2003-12-04,0.5847,0.1444,0.1233,0.5847,0.5847
2003-12-05,0.5812,0.1327,0.1224,0.5812,0.5812
2003-12-06,0.5797,0.1123,0.12990000000000002,0.5797,0.5797
2003-12-07,0.5782,0.0728,0.1239,0.5782,0.5782
2003-12-08,0.5767,0.0403,0.13140000000000002,0.5767,0.5767
2003-12-09,0.5758,0.0324,0.1442,0.5758,0.5758
2003-12-10,0.5774,0.0395,0.16340000000000002,0.5774,0.5774
2003-12-11,0.5793,0.0366,0.1597,0.5793,0.5793
2003-12-12,0.5806,0.0292,0.171,0.5806,0.5806
2003-12-13,0.5849,0.0322,0.1809,0.5849,0.5849
2003-12-14,0.5916,0.0412,0.2067,0.5916,0.5916
2003-12-15,0.595,0.0489,0.2114,0.595,0.595
2003-12-16,0.5969,0.0596,0.2183,0.5969,0.5969
2003-12-17,0.6018,0.07440000000000001,0.2194,0.6018,0.6018
2003-12-18,0.6062000000000001,0.0898,0.2234,0.6062000000000001,0.6062000000000001
2003-12-19,0.6097,0.1029,0.2276,0.6097,0.6097
2003-12-20,0.6174000000000001,0.1062,0.23440000000000005,0.6174000000000001,0.6174000000000001
2003-12-21,0.6229,0.1092,0.2379,0.6229,0.6229
2003-12-22,0.6296,0.115,0.2394,0.6296,0.6296
2003-12-23,0.6351,0.1098,0.2398,0.6351,0.6351
2003-12-24,0.6414000000000001,0.098,0.2346,0.6414000000000001,0.6414000000000001
2003-12-25,0.6478,0.08560000000000001,0.2274,0.6478,0.6478
2003-12-26,0.6527000000000001,0.08750000000000001,0.2234,0.6527000000000001,0.6527000000000001
2003-12-27,0.6577000000000001,0.0734,0.2139,0.6577000000000001,0.6577000000000001
2003-12-28,0.6629999999999999,0.0619,0.2057,0.6629999999999999,0.6629999999999999
2003-12-29,0.6672,0.0577,0.2004,0.6672,0.6672
2003-12-30,0.6734,0.031100000000000006,0.1944,0.6734,0.6734
2003-12-31,0.6769000000000001,0.0199,0.1823,0.6769000000000001,0.6769000000000001
2004-01-01,0.6781,0.0068000000000000005,0.1767,0.6781,0.6781
2004-01-02,0.6792,0.0025,0.1744,0.6792,0.6792
2004-01-03,0.6801,-0.0028,0.17220000000000002,0.6801,0.6801
2004-01-04,0.6785,-0.0022,0.1723,0.6785,0.6785
2004-01-05,0.6794,-0.0004,0.1698,0.6794,0.6794
2004-01-06,0.6796,-0.0123,0.1734,0.6796,0.6796
2004-01-07,0.6805,-0.0146,0.1778,0.6805,0.6805
2004-01-08,0.6792,-0.0184,0.193,0.6792,0.6792
2004-01-09,0.6799000000000001,-0.0125,0.2111,0.6799000000000001,0.6799000000000001
2004-01-10,0.6806,-0.0307,0.2211,0.6806,0.6806
2004-01-11,0.6816,-0.0439,0.2229,0.6816,0.6816
2004-01-12,0.6844,-0.0533,0.2299,0.6844,0.6844
2004-01-13,0.6886,-0.0819,0.2193,0.6886,0.6886
2004-01-14,0.6919000000000001,-0.10800000000000001,0.2218,0.6919000000000001,0.6919000000000001
2004-01-15,0.6963,-0.1166,0.2254,0.6963,0.6963
2004-01-16,0.7000000000000001,-0.1219,0.2071,0.7000000000000001,0.7000000000000001
2004-01-17,0.7071000000000001,-0.1504,0.1872,0.7071000000000001,0.7071000000000001
2004-01-18,0.7115,-0.1555,0.1607,0.7115,0.7115
2004-01-19,0.7165,-0.1792,0.136,0.7165,0.7165
2004-01-20,0.7201000000000001,-0.16899999999999998,0.1165,0.7201000000000001,0.7201000000000001
2004-01-21,0.7207,-0.1673,0.0882,0.7207,0.7207
2004-01-22,0.7214,-0.1568,0.0664,0.7214,0.7214
2004-01-23,0.7224,-0.1434,0.0478,0.7224,0.7224
2004-01-24,0.7221000000000001,-0.1248,0.0396,0.7221000000000001,0.7221000000000001
2004-01-25,0.7214,-0.12,0.0262,0.7214,0.7214
2004-01-26,0.7177,-0.1088,0.0141,0.7177,0.7177
2004-01-27,0.7117,-0.0971,0.0175,0.7117,0.7117
2004-01-28,0.7079000000000001,-0.0873,0.0135,0.7079000000000001,0.7079000000000001
2004-01-29,0.7026,-0.08080000000000001,0.0128,0.7026,0.7026
2004-01-30,0.6967,-0.0711,0.016,0.6967,0.6967
2004-01-31,0.6906,-0.0495,0.0165,0.6906,0.6906
2004-02-01,0.6855,-0.0504,0.0173,0.6855,0.6855
2004-02-02,0.6803,-0.034,0.0125,0.6803,0.6803
2004-02-03,0.6754,-0.0224,0.0153,0.6754,0.6754
2004-02-04,0.6721,-0.02,0.0217,0.6721,0.6721
2004-02-05,0.6699,-0.0162,0.0261,0.6699,0.6699
2004-02-06,0.667,0.002,0.0252,0.667,0.667
2004-02-07,0.6662,0.0129,0.0284,0.6662,0.6662
2004-02-08,0.667,-0.0031000000000000003,0.0214,0.667,0.667
2004-02-09,0.6639,-0.0244,0.031400000000000004,0.6639,0.6639
2004-02-10,0.6666000000000001,-0.0239,0.0329,0.6666000000000001,0.6666000000000001
2004-02-11,0.6686000000000001,-0.0253,0.0245,0.6686000000000001,0.6686000000000001
2004-02-12,0.6723,-0.0218,0.026,0.6723,0.6723
2004-02-13,0.6718000000000001,-0.0166,0.0211,0.6718000000000001,0.6718000000000001
2004-02-14,0.6751,-0.0234,0.0151,0.6751,0.6751
2004-02-15,0.6778000000000001,-0.0325,0.0257,0.6778000000000001,0.6778000000000001
2004-02-16,0.6796,-0.0261,0.0232,0.6796,0.6796
2004-02-17,0.6844,-0.0408,0.0218,0.6844,0.6844
2004-02-18,0.6888000000000001,-0.0413,0.0292,0.6888000000000001,0.6888000000000001
2004-02-19,0.6920000000000001,-0.0478,0.0303,0.6920000000000001,0.6920000000000001
2004-02-20,0.6952,-0.047400000000000005,0.0295,0.6952,0.6952
2004-02-21,0.6971,-0.0509,0.0246,0.6971,0.6971
2004-02-22,0.7006,-0.053500000000000006,0.0186,0.7006,0.7006
2004-02-23,0.7022,-0.0613,0.0194,0.7022,0.7022
2004-02-24,0.7030000000000001,-0.049,0.0178,0.7030000000000001,0.7030000000000001
2004-02-25,0.7057,-0.0587,0.0206,0.7057,0.7057
2004-02-26,0.7083,-0.0516,0.036500000000000005,0.7083,0.7083
2004-02-27,0.7101000000000001,-0.0527,0.031,0.7101000000000001,0.7101000000000001
2004-02-28,0.7143,-0.0514,0.0456,0.7143,0.7143
2004-02-29,0.7184,-0.049100000000000005,0.0524,0.7184,0.7184
2004-03-01,0.7232000000000001,-0.051800000000000006,0.07350000000000001,0.7232000000000001,0.7232000000000001
2004-03-02,0.7291000000000001,-0.05,0.08170000000000001,0.7291000000000001,0.7291000000000001
2004-03-03,0.7332000000000001,-0.0503,0.0766,0.7332000000000001,0.7332000000000001
2004-03-04,0.7407,-0.0471,0.0916,0.7407,0.7407
2004-03-05,0.7479,-0.0461,0.0949,0.7479,0.7479
2004-03-06,0.7549,-0.0472,0.103,0.7549,0.7549
2004-03-07,0.7607,-0.0339,0.1121,0.7607,0.7607
2004-03-08,0.7659,-0.0327,0.1035,0.7659,0.7659
2004-03-09,0.7714000000000001,-0.0486,0.1021,0.7714000000000001,0.7714000000000001
2004-03-10,0.7793,-0.0495,0.1077,0.7793,0.7793
2004-03-11,0.7842,-0.0637,0.0978,0.7842,0.7842
2004-03-12,0.7923,-0.0811,0.1062,0.7923,0.7923
2004-03-13,0.7979999999999999,-0.0916,0.0942,0.7979999999999999,0.7979999999999999
2004-03-14,0.8066,-0.1121,0.1025,0.8066,0.8066
2004-03-15,0.8123,-0.134,0.0931,0.8123,0.8123
2004-03-16,0.8152,-0.1577,0.0761,0.8152,0.8152
2004-03-17,0.8197,-0.1789,0.0611,0.8197,0.8197
2004-03-18,0.8200000000000001,-0.2048,0.0316,0.8200000000000001,0.8200000000000001
2004-03-19,0.8210000000000001,-0.223,0.01,0.8210000000000001,0.8210000000000001
2004-03-20,0.8194,-0.2301,-0.0128,0.8194,0.8194
2004-03-21,0.8169000000000001,-0.2422,-0.0283,0.8169000000000001,0.8169000000000001
2004-03-22,0.8121,-0.253,-0.0592,0.8121,0.8121
2004-03-23,0.8055,-0.2549,-0.0595,0.8055,0.8055
2004-03-24,0.8005,-0.259,-0.0843,0.8005,0.8005
2004-03-25,0.7978000000000001,-0.2615,-0.0888,0.7978000000000001,0.7978000000000001
2004-03-26,0.7941,-0.2677,-0.085,0.7941,0.7941
2004-03-27,0.7867000000000001,-0.2494,-0.0684,0.7867000000000001,0.7867000000000001
2004-03-28,0.7821,-0.258,-0.0603,0.7821,0.7821
2004-03-29,0.7789,-0.2652,-0.034300000000000004,0.7789,0.7789
2004-03-30,0.7771,-0.2376,-0.0176,0.7771,0.7771
2004-03-31,0.7763,-0.2518,0.0045000000000000005,0.7763,0.7763
2004-04-01,0.7762,-0.2476,0.0266,0.7762,0.7762
2004-04-02,0.7768,-0.2631,0.0601,0.7768,0.7768
2004-04-03,0.7816000000000001,-0.2827,0.0897,0.7816000000000001,0.7816000000000001
2004-04-04,0.7864,-0.2906,0.1097,0.7864,0.7864
2004-04-05,0.7903,-0.2844,0.121,0.7903,0.7903
2004-04-06,0.7988000000000001,-0.2889,0.123,0.7988000000000001,0.7988000000000001
2004-04-07,0.8044,-0.30010000000000003,0.0954,0.8044,0.8044
2004-04-08,0.8103,-0.30770000000000003,0.107,0.8103,0.8103
2004-04-09,0.8125,-0.2892,0.1029,0.8125,0.8125
2004-04-10,0.8215,-0.2758,0.1083,0.8215,0.8215
2004-04-11,0.8243,-0.2675,0.0904,0.8243,0.8243
2004-04-12,0.8283,-0.26230000000000003,0.0874,0.8283,0.8283
2004-04-13,0.8345,-0.2356,0.0709,0.8345,0.8345
2004-04-14,0.8356,-0.2144,0.0658,0.8356,0.8356
2004-04-15,0.8374,-0.2054,0.054000000000000006,0.8374,0.8374
2004-04-16,0.8373,-0.1925,0.0523,0.8373,0.8373
2004-04-17,0.8375,-0.1689,0.0329,0.8375,0.8375
2004-04-18,0.8425,-0.1636,0.0215,0.8425,0.8425
2004-04-19,0.8423,-0.15760000000000002,0.009000000000000001,0.8423,0.8423
2004-04-20,0.8395,-0.1522,-0.0089,0.8395,0.8395
2004-04-21,0.8374,-0.1376,-0.0183,0.8374,0.8374
2004-04-22,0.8318000000000001,-0.1158,-0.0368,0.8318000000000001,0.8318000000000001
2004-04-23,0.8270000000000001,-0.1196,-0.0417,0.8270000000000001,0.8270000000000001
2004-04-24,0.8228000000000001,-0.1173,-0.0456,0.8228000000000001,0.8228000000000001
2004-04-25,0.8166,-0.13190000000000002,-0.0515,0.8166,0.8166
2004-04-26,0.8104,-0.1375,-0.0612,0.8104,0.8104
2004-04-27,0.8042,-0.1318,-0.05,0.8042,0.8042
2004-04-28,0.7983,-0.1254,-0.046200000000000005,0.7983,0.7983
2004-04-29,0.7955,-0.1375,-0.0308,0.7955,0.7955
2004-04-30,0.7914,-0.1414,-0.0223,0.7914,0.7914
2004-05-01,0.7845000000000001,-0.1452,-0.003,0.7845000000000001,0.7845000000000001
2004-05-02,0.7802,-0.1643,0.024200000000000003,0.7802,0.7802
2004-05-03,0.7774000000000001,-0.1764,0.046700000000000005,0.7774000000000001,0.7774000000000001
2004-05-04,0.7756000000000001,-0.1904,0.0896,0.7756000000000001,0.7756000000000001
2004-05-05,0.7749,-0.17800000000000002,0.1468,0.7749,0.7749
2004-05-06,0.7762,-0.1663,0.17070000000000002,0.7762,0.7762
2004-05-07,0.779,-0.1829,0.2052,0.779,0.779
2004-05-08,0.7797000000000001,-0.1647,0.2579,0.7797000000000001,0.7797000000000001
2004-05-09,0.787,-0.1537,0.2881,0.787,0.787
2004-05-10,0.7918000000000001,-0.15230000000000002,0.32530000000000003,0.7918000000000001,0.7918000000000001
2004-05-11,0.7993,-0.1457,0.3458,0.7993,0.7993
2004-05-12,0.8056000000000001,-0.13920000000000002,0.3706,0.8056000000000001,0.8056000000000001
2004-05-13,0.8169000000000001,-0.1358,0.3948,0.8169000000000001,0.8169000000000001
2004-05-14,0.8250000000000001,-0.1279,0.4118,0.8250000000000001,0.8250000000000001
2004-05-15,0.8322,-0.1316,0.4188,0.8322,0.8322
2004-05-16,0.8434,-0.127,0.4357,0.8434,0.8434
2004-05-17,0.8566,-0.1225,0.4322,0.8566,0.8566
2004-05-18,0.8671000000000001,-0.1375,0.4274,0.8671000000000001,0.8671000000000001
2004-05-19,0.88,-0.13090000000000002,0.4187,0.88,0.88
2004-05-20,0.8892,-0.1343,0.4003,0.8892,0.8892
2004-05-21,0.8989,-0.1406,0.3646,0.8989,0.8989
2004-05-22,0.9073,-0.14850000000000002,0.3295,0.9073,0.9073
2004-05-23,0.9148,-0.149,0.29150000000000004,0.9148,0.9148
2004-05-24,0.9231,-0.15760000000000002,0.25220000000000004,0.9231,0.9231
2004-05-25,0.9247,-0.15080000000000002,0.2188,0.9247,0.9247
2004-05-26,0.9283,-0.1563,0.1731,0.9283,0.9283
2004-05-27,0.9298,-0.15430000000000002,0.1239,0.9298,0.9298
2004-05-28,0.9309,-0.1893,0.07780000000000001,0.9309,0.9309
2004-05-29,0.9315,-0.2098,0.0342,0.9315,0.9315
2004-05-30,0.9308,-0.2425,-0.0156,0.9308,0.9308
2004-05-31,0.9279999999999999,-0.256,-0.0692,0.9279999999999999,0.9279999999999999
2004-06-01,0.9244,-0.2757,-0.1052,0.9244,0.9244
2004-06-02,0.9194,-0.27240000000000003,-0.1471,0.9194,0.9194
2004-06-03,0.9152,-0.2837,-0.1766,0.9152,0.9152
2004-06-04,0.9103,-0.2949,-0.2054,0.9103,0.9103
2004-06-05,0.9047,-0.2967,-0.2265,0.9047,0.9047
2004-06-06,0.8963000000000001,-0.3053,-0.258,0.8963000000000001,0.8963000000000001
2004-06-07,0.889,-0.3138,-0.2732,0.889,0.889
2004-06-08,0.8828,-0.307,-0.2778,0.8828,0.8828
2004-06-09,0.8772000000000001,-0.311,-0.2919,0.8772000000000001,0.8772000000000001
2004-06-10,0.8686,-0.3003,-0.29860000000000003,0.8686,0.8686
2004-06-11,0.8595,-0.28240000000000004,-0.3068,0.8595,0.8595
2004-06-12,0.8524,-0.262,-0.3035,0.8524,0.8524
2004-06-13,0.8445,-0.2493,-0.2931,0.8445,0.8445
2004-06-14,0.8360000000000001,-0.23440000000000005,-0.2927,0.8360000000000001,0.8360000000000001
2004-06-15,0.8261000000000001,-0.2134,-0.2848,0.8261000000000001,0.8261000000000001
2004-06-16,0.8185,-0.2065,-0.28340000000000004,0.8185,0.8185
2004-06-17,0.8118000000000001,-0.19,-0.2756,0.8118000000000001,0.8118000000000001
2004-06-18,0.8021,-0.1927,-0.2514,0.8021,0.8021
2004-06-19,0.7936000000000001,-0.19399999999999998,-0.2369,0.7936000000000001,0.7936000000000001
2004-06-20,0.7861,-0.1822,-0.2174,0.7861,0.7861
2004-06-21,0.7794000000000001,-0.15810000000000002,-0.1877,0.7794000000000001,0.7794000000000001
2004-06-22,0.7692,-0.1311,-0.1731,0.7692,0.7692
2004-06-23,0.7612,-0.0995,-0.1623,0.7612,0.7612
2004-06-24,0.7571,-0.0723,-0.1356,0.7571,0.7571
2004-06-25,0.7501,-0.0568,-0.1378,0.7501,0.7501
2004-06-26,0.7452000000000001,-0.0323,-0.1166,0.7452000000000001,0.7452000000000001
2004-06-27,0.7395,0.0146,-0.1061,0.7395,0.7395
2004-06-28,0.7356,0.0509,-0.0974,0.7356,0.7356
2004-06-29,0.7333000000000001,0.0574,-0.0732,0.7333000000000001,0.7333000000000001
2004-06-30,0.7307,0.07150000000000001,-0.0635,0.7307,0.7307
2004-07-01,0.7266,0.0751,-0.0517,0.7266,0.7266
2004-07-02,0.7233,0.0815,-0.0392,0.7233,0.7233
2004-07-03,0.7219,0.0719,-0.0327,0.7219,0.7219
2004-07-04,0.7202000000000001,0.0517,-0.0272,-100.0,0.7202000000000001
2004-07-05,0.7183,0.0485,0.0001,-100.0,0.7183
2004-07-06,0.7166,0.032600000000000004,0.0146,-100.0,0.7166
2004-07-07,0.7131000000000001,0.0653,0.034300000000000004,-100.0,0.7131000000000001
2004-07-08,0.7137,0.049,0.0531,-100.0,0.7137
2004-07-09,0.7132000000000001,0.057,0.0579,-100.0,0.7132000000000001
2004-07-10,0.7138,0.0493,0.062,-100.0,0.7138
2004-07-11,0.7135,0.0524,0.0741,-100.0,0.7135
2004-07-12,0.7136,0.06670000000000001,0.0881,-100.0,0.7136
2004-07-13,0.7166,0.0765,0.0938,-100.0,0.7166
2004-07-14,0.7223,0.0877,0.0826,-100.0,0.7223
2004-07-15,0.7220000000000001,0.0974,0.0786,-100.0,0.7220000000000001
2004-07-16,0.7215,0.1269,0.0663,-100.0,0.7215
2004-07-17,0.7205,0.1725,0.0464,-100.0,0.7205
2004-07-18,0.7207,0.1999,0.0419,-100.0,0.7207
2004-07-19,0.7224,0.2324,0.0275,-100.0,0.7224
2004-07-20,0.7265,0.2468,0.004,-100.0,0.7265
2004-07-21,0.7250000000000001,0.2477,0.0051,-100.0,0.7250000000000001
2004-07-22,0.7202000000000001,0.2298,-0.0057,-100.0,0.7202000000000001
2004-07-23,0.7207,0.2223,-0.0097,-100.0,0.7207
2004-07-24,0.7230000000000001,0.2085,-0.0079,-100.0,0.7230000000000001
2004-07-25,0.7210000000000001,0.2066,-0.0081,-100.0,0.7210000000000001
2004-07-26,0.7215,0.1983,-0.005,-100.0,0.7215
2004-07-27,0.7211000000000001,0.1848,0.0023,-100.0,0.7211000000000001
2004-07-28,0.7214,0.1784,0.008700000000000001,-100.0,0.7214
2004-07-29,0.7204,0.1768,0.0124,-100.0,0.7204
2004-07-30,0.7199,0.1704,0.0127,-100.0,0.7199
2004-07-31,0.7211000000000001,0.1627,0.0143,-100.0,0.7211000000000001
2004-08-01,0.7193,0.16870000000000002,0.0166,-100.0,0.7193
2004-08-02,0.7182000000000001,0.1817,0.0127,-100.0,0.7182000000000001
2004-08-03,0.7158,0.1829,0.0044,-100.0,0.7158
2004-08-04,0.7131000000000001,0.1723,-0.0104,-100.0,0.7131000000000001
2004-08-05,0.7115,0.1676,-0.0153,-100.0,0.7115
2004-08-06,0.7089000000000001,0.1705,-0.0257,-100.0,0.7089000000000001
2004-08-07,0.7039000000000001,0.15960000000000002,-0.0342,-100.0,0.7039000000000001
2004-08-08,0.7031000000000001,0.161,-0.0239,-100.0,0.7031000000000001
2004-08-09,0.7007,0.1504,-0.0212,-100.0,0.7007
2004-08-10,0.6974,0.1452,-0.015,-100.0,0.6974
2004-08-11,0.6930000000000001,0.15380000000000002,-0.0113,-100.0,0.6930000000000001
2004-08-12,0.6890000000000001,0.1585,0.0055000000000000005,-100.0,0.6890000000000001
2004-08-13,0.6869000000000001,0.1527,0.0193,-100.0,0.6869000000000001
2004-08-14,0.6880000000000001,0.1524,0.0357,-100.0,0.6880000000000001
2004-08-15,0.6847000000000001,0.15610000000000002,0.0528,-100.0,0.6847000000000001
2004-08-16,0.6863,0.16090000000000002,0.0602,-100.0,0.6863
2004-08-17,0.6893,0.16010000000000002,0.07780000000000001,-100.0,0.6893
2004-08-18,0.6911,0.1671,0.0813,-100.0,0.6911
2004-08-19,0.6935,0.1648,0.08199999999999999,-100.0,0.6935
2004-08-20,0.6973,0.1762,0.0723,-100.0,0.6973
2004-08-21,0.6992,0.1807,0.062,-100.0,0.6992
2004-08-22,0.7054,0.1914,0.0548,-100.0,0.7054
2004-08-23,0.7084,0.1789,0.051300000000000005,-100.0,0.7084
2004-08-24,0.7132000000000001,0.1912,0.0347,-100.0,0.7132000000000001
2004-08-25,0.7139,0.2153,0.0094,-100.0,0.7139
2004-08-26,0.7179,0.2309,0.0014,-100.0,0.7179
2004-08-27,0.7206,0.2313,-0.0178,-100.0,0.7206
2004-08-28,0.7249,0.2419,-0.0241,-100.0,0.7249
2004-08-29,0.7248,0.2525,-0.0401,-100.0,0.7248
2004-08-30,0.7233,0.26990000000000003,-0.0688,-100.0,0.7233
2004-08-31,0.7229,0.2736,-0.0704,-100.0,0.7229
2004-09-01,0.7244,0.2783,-0.08120000000000001,-100.0,0.7244
2004-09-02,0.7244,0.27140000000000003,-0.0834,-100.0,0.7244
2004-09-03,0.7230000000000001,0.2854,-0.08270000000000001,-100.0,0.7230000000000001
2004-09-04,0.7216,0.2847,-0.0867,-100.0,0.7216
2004-09-05,0.7188,0.2952,-0.0719,-100.0,0.7188
2004-09-06,0.7200000000000001,0.2947,-0.0653,-100.0,0.7200000000000001
2004-09-07,0.7188,0.2921,-0.0694,-100.0,0.7188
2004-09-08,0.7173,0.2888,-0.0694,-100.0,0.7173
2004-09-09,0.7158,0.2949,-0.0673,-100.0,0.7158
2004-09-10,0.7100000000000001,0.2952,-0.0645,-100.0,0.7100000000000001
2004-09-11,0.7096,0.27190000000000003,-0.0618,-100.0,0.7096
2004-09-12,0.7075,0.2584,-0.0589,-100.0,0.7075
2004-09-13,0.7033,0.2453,-0.0679,-100.0,0.7033
2004-09-14,0.7040000000000001,0.228,-0.0637,-100.0,0.7040000000000001
2004-09-15,0.6989000000000001,0.2109,-0.0668,-100.0,0.6989000000000001
2004-09-16,0.6938000000000001,0.1972,-0.0665,-100.0,0.6938000000000001
2004-09-17,0.6894,0.1853,-0.0716,-100.0,0.6894
2004-09-18,0.6866,0.1656,-0.06910000000000001,-100.0,0.6866
2004-09-19,0.6834,0.1633,-0.07730000000000001,-100.0,0.6834
2004-09-20,0.679,0.1451,-0.0694,-100.0,0.679
2004-09-21,0.6784,0.1315,-0.0625,-100.0,0.6784
2004-09-22,0.6739,0.1292,-0.0704,-100.0,0.6739
2004-09-23,0.6701,0.1223,-0.0702,-100.0,0.6701
2004-09-24,0.6643,0.1317,-0.0698,-100.0,0.6643
2004-09-25,0.6614,0.13240000000000002,-0.0514,-100.0,0.6614
2004-09-26,0.6585000000000001,0.1326,-0.034300000000000004,-100.0,0.6585000000000001
2004-09-27,0.6547000000000001,0.1408,-0.0328,-100.0,0.6547000000000001
2004-09-28,0.6525000000000001,0.1427,-0.0238,-100.0,0.6525000000000001
2004-09-29,0.6505000000000001,0.1312,-0.0121,-100.0,0.6505000000000001
2004-09-30,0.6493,0.1369,0.0008,-100.0,0.6493
2004-10-01,0.6513,0.1227,0.008700000000000001,-100.0,0.6513
2004-10-02,0.6509999999999999,0.1284,0.0173,-100.0,0.6509999999999999
2004-10-03,0.6508,0.1318,0.0156,-100.0,0.6508
2004-10-04,0.6543,0.1337,0.0264,-100.0,0.6543
2004-10-05,0.6562,0.1258,0.0349,-100.0,0.6562
2004-10-06,0.6569,0.13140000000000002,0.026500000000000003,-100.0,0.6569
2004-10-07,0.6575000000000001,0.14120000000000002,0.0228,-100.0,0.6575000000000001
2004-10-08,0.6604,0.1515,0.0292,-100.0,0.6604
2004-10-09,0.6614,0.1504,0.0339,-100.0,0.6614
2004-10-10,0.662,0.1472,0.033,-100.0,0.662
2004-10-11,0.6652,0.1511,0.0133,-100.0,0.6652
2004-10-12,0.6651,0.15510000000000002,0.0131,-100.0,0.6651
2004-10-13,0.6657000000000001,0.16060000000000002,0.0108,-100.0,0.6657000000000001
2004-10-14,0.6673,0.1595,0.0113,-100.0,0.6673
2004-10-15,0.6638000000000001,0.1815,0.0139,-100.0,0.6638000000000001
2004-10-16,0.662,0.1847,0.0127,-100.0,0.662
2004-10-17,0.6617000000000001,0.1911,0.0219,-100.0,0.6617000000000001
2004-10-18,0.6611,0.1769,0.033100000000000004,-100.0,0.6611
2004-10-19,0.6621,0.1979,0.0481,-100.0,0.6621
2004-10-20,0.6632,0.2056,0.0608,-100.0,0.6632
2004-10-21,0.6587000000000001,0.2185,0.0634,-100.0,0.6587000000000001
2004-10-22,0.6566000000000001,0.2088,0.0721,-100.0,0.6566000000000001
2004-10-23,0.659,0.2225,0.08940000000000001,-100.0,0.659
2004-10-24,0.6632,0.2169,0.1062,-100.0,0.6632
2004-10-25,0.6638000000000001,0.2239,0.1336,-100.0,0.6638000000000001
2004-10-26,0.6639,0.2406,0.1473,-100.0,0.6639
2004-10-27,0.6668000000000001,0.2513,0.1525,-100.0,0.6668000000000001
2004-10-28,0.6679,0.2763,0.1524,-100.0,0.6679
2004-10-29,0.672,0.28950000000000004,0.1536,-100.0,0.672
2004-10-30,0.6739,0.3135,0.15510000000000002,-100.0,0.6739
2004-10-31,0.6769000000000001,0.3266,0.1421,-100.0,0.6769000000000001
2004-11-01,0.6774,0.324,0.1381,-100.0,0.6774
2004-11-02,0.6786,0.3373,0.12,-100.0,0.6786
2004-11-03,0.6777000000000001,0.3549,0.1162,-100.0,0.6777000000000001
2004-11-04,0.6728000000000001,0.3491,0.0872,-100.0,0.6728000000000001
2004-11-05,0.6704,0.35800000000000004,0.0727,-100.0,0.6704
2004-11-06,0.6646000000000001,0.3518,0.055,-100.0,0.6646000000000001
2004-11-07,0.6605000000000001,0.3502,0.06330000000000001,-100.0,0.6605000000000001
2004-11-08,0.6537000000000001,0.35810000000000003,0.0609,-100.0,0.6537000000000001
2004-11-09,0.6497,0.33990000000000004,0.051,-100.0,0.6497
2004-11-10,0.6459,0.32070000000000004,0.0323,-100.0,0.6459
2004-11-11,0.6376000000000001,0.2992,0.0333,-100.0,0.6376000000000001
2004-11-12,0.6335000000000001,0.2989,0.0386,-100.0,0.6335000000000001
2004-11-13,0.6256,0.2801,0.0243,-100.0,0.6256
2004-11-14,0.617,0.26880000000000004,0.0329,-100.0,0.617
2004-11-15,0.6097,0.2626,0.033800000000000004,-100.0,0.6097
2004-11-16,0.6028,0.2715,0.0313,-100.0,0.6028
2004-11-17,0.5965,0.2763,0.0427,-100.0,0.5965
2004-11-18,0.5934,0.2758,0.0529,-100.0,0.5934
2004-11-19,0.5874,0.2838,0.0611,-100.0,0.5874
2004-11-20,0.5849,0.2928,0.0763,-100.0,0.5849
2004-11-21,0.5818,0.2963,0.0782,-100.0,0.5818
2004-11-22,0.5817,0.3199,0.1033,-100.0,0.5817
2004-11-23,0.5797,0.301,0.0971,-100.0,0.5797
2004-11-24,0.5754,0.29700000000000004,0.0907,-100.0,0.5754
2004-11-25,0.5728,0.2929,0.0893,-100.0,0.5728
2004-11-26,0.5705,0.28550000000000003,0.0847,-100.0,0.5705
2004-11-27,0.5710000000000001,0.2665,0.07980000000000001,-100.0,0.5710000000000001
2004-11-28,0.5709000000000001,0.24750000000000005,0.0757,-100.0,0.5709000000000001
2004-11-29,0.5705,0.2293,0.0703,-100.0,0.5705
2004-11-30,0.5707,0.2118,0.057999999999999996,-100.0,0.5707
2004-12-01,0.5701,0.1909,0.0492,0.5701,0.5701
2004-12-02,0.5688,0.1782,0.0377,0.5688,0.5688
2004-12-03,0.5696,0.14650000000000002,0.0243,0.5696,0.5696
2004-12-04,0.5662,0.1468,0.0237,0.5662,0.5662
2004-12-05,0.5672,0.1366,0.0223,0.5672,0.5672
2004-12-06,0.5664,0.1213,0.0273,0.5664,0.5664
2004-12-07,0.5676,0.1234,0.0167,0.5676,0.5676
2004-12-08,0.5684,0.134,0.0114,0.5684,0.5684
2004-12-09,0.5684,0.1411,0.0113,0.5684,0.5684
2004-12-10,0.5725,0.1466,0.018500000000000003,0.5725,0.5725
2004-12-11,0.5723,0.1507,0.0142,0.5723,0.5723
2004-12-12,0.5748,0.1752,0.020200000000000003,0.5748,0.5748
2004-12-13,0.5742,0.1961,0.0232,0.5742,0.5742
2004-12-14,0.5791000000000001,0.2103,0.0257,0.5791000000000001,0.5791000000000001
2004-12-15,0.5813,0.2352,0.030500000000000006,0.5813,0.5813
2004-12-16,0.5850000000000001,0.2481,0.027999999999999997,0.5850000000000001,0.5850000000000001
2004-12-17,0.5881000000000001,0.2569,0.0323,0.5881000000000001,0.5881000000000001
2004-12-18,0.5907,0.2676,0.0204,0.5907,0.5907
2004-12-19,0.5951000000000001,0.2738,0.0181,0.5951000000000001,0.5951000000000001
2004-12-20,0.5955,0.26580000000000004,0.0101,0.5955,0.5955
2004-12-21,0.6,0.26680000000000004,0.0081,0.6,0.6
2004-12-22,0.6017,0.26990000000000003,-0.0066,0.6017,0.6017
2004-12-23,0.6037,0.2657,-0.0118,0.6037,0.6037
2004-12-24,0.6046,0.26230000000000003,-0.0195,0.6046,0.6046
2004-12-25,0.6076,0.2461,-0.0277,0.6076,0.6076
2004-12-26,0.6102000000000001,0.2338,-0.0358,0.6102000000000001,0.6102000000000001
2004-12-27,0.6103000000000001,0.2114,-0.0407,0.6103000000000001,0.6103000000000001
2004-12-28,0.6112000000000001,0.1805,-0.0407,0.6112000000000001,0.6112000000000001
2004-12-29,0.6141,0.17470000000000002,-0.0277,0.6141,0.6141
2004-12-30,0.6176,0.1477,-0.0119,0.6176,0.6176
2004-12-31,0.6231,0.1429,0.0082,0.6231,0.6231
2005-01-01,0.6286,0.1287,0.0263,0.6286,0.6286
2005-01-02,0.6329,0.1014,0.033100000000000004,0.6329,0.6329
2005-01-03,0.6393,0.0924,0.0374,0.6393,0.6393
2005-01-04,0.6411,0.1019,0.0342,0.6411,0.6411
2005-01-05,0.6459999999999999,0.1011,0.0354,0.6459999999999999,0.6459999999999999
2005-01-06,0.6483,0.099,0.036500000000000005,0.6483,0.6483
2005-01-07,0.6518,0.1048,0.0196,0.6518,0.6518
2005-01-08,0.6585000000000001,0.1,0.0139,0.6585000000000001,0.6585000000000001
2005-01-09,0.6625,0.092,0.0105,0.6625,0.6625
2005-01-10,0.6659999999999999,0.0934,0.0058000000000000005,0.6659999999999999,0.6659999999999999
2005-01-11,0.6678000000000001,0.0859,-0.0059,0.6678000000000001,0.6678000000000001
2005-01-12,0.6713,0.0784,-0.0127,0.6713,0.6713
2005-01-13,0.6736000000000001,0.06570000000000001,-0.0234,0.6736000000000001,0.6736000000000001
2005-01-14,0.6753,0.0464,-0.0316,0.6753,0.6753
2005-01-15,0.6784,0.0239,-0.0373,0.6784,0.6784
2005-01-16,0.6797000000000001,0.0028,-0.045000000000000005,0.6797000000000001,0.6797000000000001
2005-01-17,0.6812,-0.0146,-0.0415,0.6812,0.6812
2005-01-18,0.6845,-0.0281,-0.0451,0.6845,0.6845
2005-01-19,0.6863,-0.0555,-0.046700000000000005,0.6863,0.6863
2005-01-20,0.6854,-0.0594,-0.0543,0.6854,0.6854
2005-01-21,0.6846,-0.0752,-0.0507,0.6846,0.6846
2005-01-22,0.6854,-0.08560000000000001,-0.0429,0.6854,0.6854
2005-01-23,0.6858000000000001,-0.1007,-0.0403,0.6858000000000001,0.6858000000000001
2005-01-24,0.6861,-0.1154,-0.0376,0.6861,0.6861
2005-01-25,0.6857000000000001,-0.1327,-0.0325,0.6857000000000001,0.6857000000000001
2005-01-26,0.6865,-0.1381,-0.0158,0.6865,0.6865
2005-01-27,0.6866,-0.15180000000000002,-0.0146,0.6866,0.6866
2005-01-28,0.6886,-0.165,0.0089,0.6886,0.6886
2005-01-29,0.6898000000000001,-0.1801,0.020200000000000003,0.6898000000000001,0.6898000000000001
2005-01-30,0.6911,-0.1921,0.0384,0.6911,0.6911
2005-01-31,0.6949000000000001,-0.2002,0.0486,0.6949000000000001,0.6949000000000001
2005-02-01,0.6951,-0.2073,0.0671,0.6951,0.6951
2005-02-02,0.6994,-0.2162,0.07640000000000001,0.6994,0.6994
2005-02-03,0.7023,-0.2119,0.0674,0.7023,0.7023
2005-02-04,0.7043,-0.2305,0.0732,0.7043,0.7043
2005-02-05,0.7054,-0.2328,0.0726,0.7054,0.7054
2005-02-06,0.7052,-0.2242,0.07010000000000001,0.7052,0.7052
2005-02-07,0.6998000000000001,-0.2188,0.0845,0.6998000000000001,0.6998000000000001
2005-02-08,0.6997,-0.2233,0.0848,0.6997,0.6997
2005-02-09,0.7019000000000001,-0.2147,0.0898,0.7019000000000001,0.7019000000000001
2005-02-10,0.7051000000000001,-0.23399999999999999,0.0965,0.7051000000000001,0.7051000000000001
2005-02-11,0.7102,-0.2293,0.1123,0.7102,0.7102
2005-02-12,0.7135,-0.2423,0.11199999999999999,0.7135,0.7135
2005-02-13,0.7164,-0.2504,0.1106,0.7164,0.7164
2005-02-14,0.7233,-0.25930000000000003,0.13040000000000002,0.7233,0.7233
2005-02-15,0.7279,-0.2604,0.1184,0.7279,0.7279
2005-02-16,0.7326,-0.2478,0.1095,0.7326,0.7326
2005-02-17,0.7389,-0.2342,0.1081,0.7389,0.7389
2005-02-18,0.7426,-0.2322,0.0984,0.7426,0.7426
2005-02-19,0.7505000000000001,-0.2151,0.1025,0.7505000000000001,0.7505000000000001
2005-02-20,0.753,-0.2159,0.0814,0.753,0.753
2005-02-21,0.7588,-0.1926,0.0651,0.7588,0.7588
2005-02-22,0.7632,-0.1635,0.0649,0.7632,0.7632
2005-02-23,0.7671,-0.1446,0.0619,0.7671,0.7671
2005-02-24,0.7691,-0.1218,0.054700000000000006,0.7691,0.7691
2005-02-25,0.7708,-0.1153,0.0415,0.7708,0.7708
2005-02-26,0.7717,-0.1081,0.0402,0.7717,0.7717
2005-02-27,0.7744000000000001,-0.1006,0.0454,0.7744000000000001,0.7744000000000001
2005-02-28,0.7754000000000001,-0.1051,0.0488,0.7754000000000001,0.7754000000000001
2005-03-01,0.7759999999999999,-0.1115,0.049600000000000005,0.7759999999999999,0.7759999999999999
2005-03-02,0.7746000000000001,-0.1234,0.0558,0.7746000000000001,0.7746000000000001
2005-03-03,0.7722,-0.13040000000000002,0.0654,0.7722,0.7722
2005-03-04,0.7741,-0.138,0.0785,0.7741,0.7741
2005-03-05,0.774,-0.1466,0.0963,0.774,0.774
2005-03-06,0.7765000000000001,-0.1552,0.1151,0.7765000000000001,0.7765000000000001
2005-03-07,0.7761,-0.1657,0.1239,0.7761,0.7761
2005-03-08,0.7749,-0.1658,0.14450000000000002,0.7749,0.7749
2005-03-09,0.7737,-0.1699,0.1648,0.7737,0.7737
2005-03-10,0.7789,-0.1874,0.1703,0.7789,0.7789
2005-03-11,0.7871,-0.18899999999999997,0.16770000000000002,0.7871,0.7871
2005-03-12,0.7892,-0.2232,0.16160000000000002,0.7892,0.7892
2005-03-13,0.7928000000000001,-0.2276,0.149,0.7928000000000001,0.7928000000000001
2005-03-14,0.7943,-0.2463,0.1375,0.7943,0.7943
2005-03-15,0.7962,-0.24700000000000005,0.1263,0.7962,0.7962
2005-03-16,0.7994,-0.2627,0.1282,0.7994,0.7994
2005-03-17,0.8014,-0.27640000000000003,0.0985,0.8014,0.8014
2005-03-18,0.7997000000000001,-0.3007,0.05930000000000001,0.7997000000000001,0.7997000000000001
2005-03-19,0.7979,-0.3159,0.0468,0.7979,0.7979
2005-03-20,0.7959,-0.3386,0.0189,0.7959,0.7959
2005-03-21,0.7947000000000001,-0.3511,-0.0026000000000000003,0.7947000000000001,0.7947000000000001
2005-03-22,0.7934,-0.3739,-0.027000000000000003,0.7934,0.7934
2005-03-23,0.7912,-0.3775,-0.0516,0.7912,0.7912
2005-03-24,0.7892,-0.3759,-0.0595,0.7892,0.7892
2005-03-25,0.7845000000000001,-0.3673,-0.0755,0.7845000000000001,0.7845000000000001
2005-03-26,0.7814,-0.3582,-0.0977,0.7814,0.7814
2005-03-27,0.7806000000000001,-0.35000000000000003,-0.0932,0.7806000000000001,0.7806000000000001
2005-03-28,0.7777000000000001,-0.35900000000000004,-0.0915,0.7777000000000001,0.7777000000000001
2005-03-29,0.7757000000000001,-0.3573,-0.0939,0.7757000000000001,0.7757000000000001
2005-03-30,0.7748,-0.3497,-0.0883,0.7748,0.7748
2005-03-31,0.7719,-0.34790000000000004,-0.0729,0.7719,0.7719
2005-04-01,0.7691,-0.3452,-0.0708,0.7691,0.7691
2005-04-02,0.7674000000000001,-0.33299999999999996,-0.0649,0.7674000000000001,0.7674000000000001
2005-04-03,0.7675000000000001,-0.32180000000000003,-0.0565,0.7675000000000001,0.7675000000000001
2005-04-04,0.7688,-0.308,-0.0308,0.7688,0.7688
2005-04-05,0.768,-0.2826,-0.0258,0.768,0.768
2005-04-06,0.7659,-0.2624,-0.0243,0.7659,0.7659
2005-04-07,0.7659,-0.2486,-0.0083,0.7659,0.7659
2005-04-08,0.7681,-0.2415,0.0053,0.7681,0.7681
2005-04-09,0.7692,-0.2411,0.0255,0.7692,0.7692
2005-04-10,0.7736000000000001,-0.24,0.059,0.7736000000000001,0.7736000000000001
2005-04-11,0.7743,-0.2289,0.0767,0.7743,0.7743
2005-04-12,0.7759999999999999,-0.2185,0.0995,0.7759999999999999,0.7759999999999999
2005-04-13,0.7827000000000001,-0.2207,0.1183,0.7827000000000001,0.7827000000000001
2005-04-14,0.7923,-0.2388,0.1317,0.7923,0.7923
2005-04-15,0.7997000000000001,-0.2409,0.1504,0.7997000000000001,0.7997000000000001
2005-04-16,0.8057000000000001,-0.2596,0.1618,0.8057000000000001,0.8057000000000001
2005-04-17,0.8148000000000001,-0.2928,0.1694,0.8148000000000001,0.8148000000000001
2005-04-18,0.8247,-0.3015,0.1521,0.8247,0.8247
2005-04-19,0.8331000000000001,-0.33280000000000004,0.1434,0.8331000000000001,0.8331000000000001
2005-04-20,0.8382000000000001,-0.3531,0.14400000000000002,0.8382000000000001,0.8382000000000001
2005-04-21,0.8454,-0.3778,0.1262,0.8454,0.8454
2005-04-22,0.8513000000000001,-0.39899999999999997,0.1055,0.8513000000000001,0.8513000000000001
2005-04-23,0.8598,-0.4219,0.0786,0.8598,0.8598
2005-04-24,0.8615,-0.4506,0.0514,0.8615,0.8615
2005-04-25,0.8624,-0.4674,0.0329,0.8624,0.8624
2005-04-26,0.8633000000000001,-0.4846,0.006999999999999999,0.8633000000000001,0.8633000000000001
2005-04-27,0.8619,-0.4821,-0.0146,0.8619,0.8619
2005-04-28,0.8605,-0.5021,-0.0278,0.8605,0.8605
2005-04-29,0.8528,-0.4859,-0.0394,0.8528,0.8528
2005-04-30,0.8503000000000001,-0.4885000000000001,-0.0451,0.8503000000000001,0.8503000000000001
2005-05-01,0.8443,-0.4844,-0.05710000000000001,0.8443,0.8443
2005-05-02,0.8401000000000001,-0.4864,-0.0775,0.8401000000000001,0.8401000000000001
2005-05-03,0.8351000000000001,-0.4733,-0.08800000000000001,0.8351000000000001,0.8351000000000001
2005-05-04,0.8309000000000001,-0.45799999999999996,-0.0833,0.8309000000000001,0.8309000000000001
2005-05-05,0.8283,-0.45,-0.0932,0.8283,0.8283
2005-05-06,0.8235,-0.4371,-0.104,0.8235,0.8235
2005-05-07,0.8195,-0.4384,-0.1199,0.8195,0.8195
2005-05-08,0.8181,-0.4216,-0.1363,0.8181,0.8181
2005-05-09,0.8133,-0.4075,-0.1422,0.8133,0.8133
2005-05-10,0.8092,-0.4011,-0.1469,0.8092,0.8092
2005-05-11,0.8043,-0.3721,-0.1499,0.8043,0.8043
2005-05-12,0.7971,-0.3569,-0.1683,0.7971,0.7971
2005-05-13,0.7909,-0.3491,-0.171,0.7909,0.7909
2005-05-14,0.7855000000000001,-0.33280000000000004,-0.1656,0.7855000000000001,0.7855000000000001
2005-05-15,0.7789,-0.31470000000000004,-0.14600000000000002,0.7789,0.7789
2005-05-16,0.7719,-0.3059,-0.1332,0.7719,0.7719
2005-05-17,0.765,-0.2866,-0.1002,0.765,0.765
2005-05-18,0.7596,-0.2667,-0.0689,0.7596,0.7596
2005-05-19,0.7581,-0.2622,-0.043,0.7581,0.7581
2005-05-20,0.7558,-0.25320000000000004,-0.0152,0.7558,0.7558
2005-05-21,0.7535000000000001,-0.2418,0.0183,0.7535000000000001,0.7535000000000001
2005-05-22,0.7518,-0.2186,0.0506,0.7518,0.7518
2005-05-23,0.7497,-0.1947,0.0813,0.7497,0.7497
2005-05-24,0.7515000000000001,-0.1821,0.1133,0.7515000000000001,0.7515000000000001
2005-05-25,0.7509999999999999,-0.1718,0.1529,0.7509999999999999,0.7509999999999999
2005-05-26,0.7522000000000001,-0.1594,0.1752,0.7522000000000001,0.7522000000000001
2005-05-27,0.7515000000000001,-0.12660000000000002,0.2222,0.7515000000000001,0.7515000000000001
2005-05-28,0.7548,-0.1218,0.256,0.7548,0.7548
2005-05-29,0.7606,-0.1001,0.26730000000000004,0.7606,0.7606
2005-05-30,0.7676000000000001,-0.0907,0.3149,0.7676000000000001,0.7676000000000001
2005-05-31,0.775,-0.08170000000000001,0.32080000000000003,0.775,0.775
2005-06-01,0.7817000000000001,-0.0582,0.3249,0.7817000000000001,0.7817000000000001
2005-06-02,0.7912,-0.029900000000000006,0.33290000000000003,0.7912,0.7912
2005-06-03,0.7985,-0.0236,0.33280000000000004,0.7985,0.7985
2005-06-04,0.804,-0.0002,0.3275,0.804,0.804
2005-06-05,0.8129000000000001,0.0165,0.3035,0.8129000000000001,0.8129000000000001
2005-06-06,0.8169000000000001,0.0296,0.2802,0.8169000000000001,0.8169000000000001
2005-06-07,0.8238000000000001,0.0364,0.2472,0.8238000000000001,0.8238000000000001
2005-06-08,0.8280000000000001,0.0408,0.2225,0.8280000000000001,0.8280000000000001
2005-06-09,0.8324,0.0378,0.1872,0.8324,0.8324
2005-06-10,0.8348,0.0279,0.151,0.8348,0.8348
2005-06-11,0.8362,0.004200000000000001,0.1005,0.8362,0.8362
2005-06-12,0.8379000000000001,-0.0206,0.0687,0.8379000000000001,0.8379000000000001
2005-06-13,0.8371000000000001,-0.0431,0.0317,0.8371000000000001,0.8371000000000001
2005-06-14,0.8336,-0.0646,-0.0067,0.8336,0.8336
2005-06-15,0.8303,-0.1028,-0.0358,0.8303,0.8303
2005-06-16,0.8267,-0.1443,-0.05810000000000001,0.8267,0.8267
2005-06-17,0.8213,-0.1865,-0.0795,0.8213,0.8213
2005-06-18,0.8127000000000001,-0.2131,-0.0961,0.8127000000000001,0.8127000000000001
2005-06-19,0.8056000000000001,-0.2419,-0.1103,0.8056000000000001,0.8056000000000001
2005-06-20,0.7973,-0.2605,-0.12,0.7973,0.7973
2005-06-21,0.7922,-0.2818,-0.1307,0.7922,0.7922
2005-06-22,0.7848,-0.3053,-0.1429,0.7848,0.7848
2005-06-23,0.777,-0.3035,-0.1484,0.777,0.777
2005-06-24,0.7693,-0.3355,-0.1667,0.7693,0.7693
2005-06-25,0.7622,-0.3431,-0.16699999999999998,0.7622,0.7622
2005-06-26,0.7534000000000001,-0.3561,-0.1637,0.7534000000000001,0.7534000000000001
2005-06-27,0.7464000000000001,-0.35700000000000004,-0.16920000000000002,0.7464000000000001,0.7464000000000001
2005-06-28,0.7401,-0.3599,-0.1835,0.7401,0.7401
2005-06-29,0.7348,-0.3523,-0.192,0.7348,0.7348
2005-06-30,0.7279,-0.35300000000000004,-0.1862,0.7279,0.7279
2005-07-01,0.7246,-0.3614,-0.1636,0.7246,0.7246
2005-07-02,0.7194,-0.3731,-0.15710000000000002,0.7194,0.7194
2005-07-03,0.7137,-0.3712,-0.141,0.7137,0.7137
2005-07-04,0.7082,-0.3671,-0.1379,0.7082,0.7082
2005-07-05,0.7002,-0.3622,-0.1351,0.7002,0.7002
2005-07-06,0.6955,-0.3608,-0.1214,0.6955,0.6955
2005-07-07,0.6901,-0.3588,-0.1024,0.6901,0.6901
2005-07-08,0.6864,-0.3476,-0.08080000000000001,0.6864,0.6864
2005-07-09,0.6823,-0.31880000000000003,-0.0587,0.6823,0.6823
2005-07-10,0.6818000000000001,-0.30820000000000003,-0.051300000000000005,0.6818000000000001,0.6818000000000001
2005-07-11,0.6768000000000001,-0.2792,-0.0592,0.6768000000000001,0.6768000000000001
2005-07-12,0.675,-0.2444,-0.0444,0.675,0.675
2005-07-13,0.6765,-0.2209,-0.034800000000000005,0.6765,0.6765
2005-07-14,0.6758000000000001,-0.1856,-0.0254,0.6758000000000001,0.6758000000000001
2005-07-15,0.6773,-0.1622,-0.0147,0.6773,0.6773
2005-07-16,0.677,-0.1287,-0.0036000000000000008,0.677,0.677
2005-07-17,0.6781,-0.1091,-0.0102,0.6781,0.6781
2005-07-18,0.6803,-0.08,-0.0127,0.6803,0.6803
2005-07-19,0.6813,-0.0561,-0.0015,0.6813,0.6813
2005-07-20,0.6839000000000001,-0.0392,0.0093,0.6839000000000001,0.6839000000000001
2005-07-21,0.6843,-0.0182,0.0137,0.6843,0.6843
2005-07-22,0.6883,-0.0189,0.0077,0.6883,0.6883
2005-07-23,0.6934,-0.0058000000000000005,0.016300000000000002,0.6934,0.6934
2005-07-24,0.6957,-0.0029,0.0112,0.6957,0.6957
2005-07-25,0.7022,-0.006900000000000001,0.0097,0.7022,0.7022
2005-07-26,0.7061000000000001,-0.0034,-0.0035,0.7061000000000001,0.7061000000000001
2005-07-27,0.7022,0.0005,-0.0289,0.7022,0.7022
2005-07-28,0.7007,0.0012,-0.028999999999999998,0.7007,0.7007
2005-07-29,0.7008,-0.0079,-0.0443,0.7008,0.7008
2005-07-30,0.7007,0.0044,-0.0482,0.7007,0.7007
2005-07-31,0.6985,0.020200000000000003,-0.0432,0.6985,0.6985
2005-08-01,0.6971,0.024,-0.0402,0.6971,0.6971
2005-08-02,0.6934,0.0464,-0.0347,0.6934,0.6934
2005-08-03,0.6884,0.0567,-0.0403,0.6884,0.6884
2005-08-04,0.6817000000000001,0.08510000000000001,-0.0432,0.6817000000000001,0.6817000000000001
2005-08-05,0.6787000000000001,0.0983,-0.0447,0.6787000000000001,0.6787000000000001
2005-08-06,0.6759000000000001,0.121,-0.041100000000000005,0.6759000000000001,0.6759000000000001
2005-08-07,0.6681,0.1228,-0.0384,0.6681,0.6681
2005-08-08,0.6649,0.1423,-0.0189,0.6649,0.6649
2005-08-09,0.6595000000000001,0.1492,-0.0137,0.6595000000000001,0.6595000000000001
2005-08-10,0.6573,0.15230000000000002,0.0004,0.6573,0.6573
2005-08-11,0.6542,0.155,0.0023,0.6542,0.6542
2005-08-12,0.6577000000000001,0.1393,0.0114,0.6577000000000001,0.6577000000000001
2005-08-13,0.6562,0.1409,0.0114,0.6562,0.6562
2005-08-14,0.6579,0.1424,0.024800000000000003,0.6579,0.6579
2005-08-15,0.6609999999999999,0.1332,0.0171,0.6609999999999999,0.6609999999999999
2005-08-16,0.6636000000000001,0.13140000000000002,0.0143,0.6636000000000001,0.6636000000000001
2005-08-17,0.6701,0.1209,0.0109,0.6701,0.6701
2005-08-18,0.6699,0.099,0.0096,0.6699,0.6699
2005-08-19,0.6744,0.1048,0.0057,0.6744,0.6744
2005-08-20,0.6767000000000001,0.0947,-0.0017,0.6767000000000001,0.6767000000000001
2005-08-21,0.679,0.0848,-0.0108,0.679,0.679
2005-08-22,0.6813,0.0872,-0.0219,0.6813,0.6813
2005-08-23,0.682,0.0806,-0.0246,0.682,0.682
2005-08-24,0.6809999999999999,0.0687,-0.0435,0.6809999999999999,0.6809999999999999
2005-08-25,0.6808000000000001,0.0555,-0.0545,0.6808000000000001,0.6808000000000001
2005-08-26,0.6792,0.0475,-0.0555,0.6792,0.6792
2005-08-27,0.6782,0.0303,-0.0659,0.6782,0.6782
2005-08-28,0.6749,0.022500000000000003,-0.0584,0.6749,0.6749
2005-08-29,0.669,0.0195,-0.0649,0.669,0.669
2005-08-30,0.6659,0.0298,-0.0669,0.6659,0.6659
2005-08-31,0.6643,0.0234,-0.0625,0.6643,0.6643
2005-09-01,0.6611,0.0158,-0.0621,0.6611,0.6611
2005-09-02,0.6576000000000001,0.0139,-0.0587,0.6576000000000001,0.6576000000000001
2005-09-03,0.653,0.0126,-0.0528,0.653,0.653
2005-09-04,0.6477,0.006200000000000001,-0.05760000000000001,0.6477,0.6477
2005-09-05,0.6441,0.0122,-0.0493,0.6441,0.6441
2005-09-06,0.6423,0.0076,-0.045000000000000005,0.6423,0.6423
2005-09-07,0.6397,0.0283,-0.020200000000000003,0.6397,0.6397
2005-09-08,0.6348,0.029900000000000006,-0.0153,0.6348,0.6348
2005-09-09,0.6319,0.0284,-0.0166,0.6319,0.6319
2005-09-10,0.6309,0.0219,-0.0008,0.6309,0.6309
2005-09-11,0.6303000000000001,0.028999999999999998,0.0002,0.6303000000000001,0.6303000000000001
2005-09-12,0.6297,0.039,0.0011,0.6297,0.6297
2005-09-13,0.6344000000000001,0.040400000000000005,0.0173,0.6344000000000001,0.6344000000000001
2005-09-14,0.6362,0.0465,0.0234,0.6362,0.6362
2005-09-15,0.6363,0.0349,0.0123,0.6363,0.6363
2005-09-16,0.639,0.0375,0.0085,0.639,0.639
2005-09-17,0.6398,0.045000000000000005,0.0005,0.6398,0.6398
2005-09-18,0.6419,0.0395,-0.0036000000000000008,0.6419,0.6419
2005-09-19,0.6395000000000001,0.0391,-0.0056,0.6395000000000001,0.6395000000000001
2005-09-20,0.6422,0.0441,-0.0126,0.6422,0.6422
2005-09-21,0.6413,0.0304,-0.016,0.6413,0.6413
2005-09-22,0.6437,0.0431,-0.017,0.6437,0.6437
2005-09-23,0.6451,0.0297,-0.0237,0.6451,0.6451
2005-09-24,0.6448,0.0344,-0.0233,0.6448,0.6448
2005-09-25,0.644,0.0328,-0.0142,0.644,0.644
2005-09-26,0.6443,0.0426,-0.0128,0.6443,0.6443
2005-09-27,0.6448,0.0589,-0.0142,-100.0,0.6448
2005-09-28,0.6438,0.0682,-0.0107,-100.0,0.6438
2005-09-29,0.6448,0.07680000000000001,-0.00030000000000000003,-100.0,0.6448
2005-09-30,0.6451,0.0753,0.0111,-100.0,0.6451
2005-10-01,0.6437,0.0956,0.0255,-100.0,0.6437
2005-10-02,0.642,0.0967,0.0151,-100.0,0.642
2005-10-03,0.6437,0.0943,0.0144,-100.0,0.6437
2005-10-04,0.6421,0.1152,0.016900000000000002,-100.0,0.6421
2005-10-05,0.6389,0.1194,0.017,-100.0,0.6389
2005-10-06,0.6387,0.1406,0.0232,-100.0,0.6387
2005-10-07,0.6378,0.1506,0.033600000000000005,-100.0,0.6378
2005-10-08,0.6364000000000001,0.16090000000000002,0.0367,-100.0,0.6364000000000001
2005-10-09,0.6365000000000001,0.1525,0.0373,-100.0,0.6365000000000001
2005-10-10,0.6344000000000001,0.1499,0.0376,-100.0,0.6344000000000001
2005-10-11,0.6326,0.166,0.0291,-100.0,0.6326
2005-10-12,0.6294000000000001,0.17220000000000002,0.017,-100.0,0.6294000000000001
2005-10-13,0.6307,0.1673,0.0114,-100.0,0.6307
2005-10-14,0.6303000000000001,0.16740000000000002,0.0243,-100.0,0.6303000000000001
2005-10-15,0.629,0.1676,0.032,-100.0,0.629
2005-10-16,0.6263000000000001,0.1633,0.0341,-100.0,0.6263000000000001
2005-10-17,0.6242,0.1817,0.0378,-100.0,0.6242
2005-10-18,0.6214000000000001,0.1988,0.0601,-100.0,0.6214000000000001
2005-10-19,0.6199,0.204,0.0613,-100.0,0.6199
2005-10-20,0.6182000000000001,0.1956,0.0625,-100.0,0.6182000000000001
2005-10-21,0.6199,0.1859,0.0692,-100.0,0.6199
2005-10-22,0.6217,0.1982,0.08310000000000001,-100.0,0.6217
2005-10-23,0.6184000000000001,0.2084,0.0883,-100.0,0.6184000000000001
2005-10-24,0.6186,0.2,0.091,-100.0,0.6186
2005-10-25,0.6206,0.2013,0.0984,-100.0,0.6206
2005-10-26,0.6176,0.1857,0.1033,-100.0,0.6176
2005-10-27,0.617,0.1738,0.11,-100.0,0.617
2005-10-28,0.614,0.16540000000000002,0.1098,-100.0,0.614
2005-10-29,0.6129,0.16690000000000002,0.1167,-100.0,0.6129
2005-10-30,0.6049,0.1617,0.1148,-100.0,0.6049
2005-10-31,0.6017,0.1545,0.1193,-100.0,0.6017
2005-11-01,0.5987,0.1474,0.1332,-100.0,0.5987
2005-11-02,0.5933,0.1285,0.1343,-100.0,0.5933
2005-11-03,0.5898,0.124,0.1364,-100.0,0.5898
2005-11-04,0.5860000000000001,0.1197,0.13720000000000002,-100.0,0.5860000000000001
2005-11-05,0.5818,0.0993,0.1348,-100.0,0.5818
2005-11-06,0.5777,0.099,0.1229,-100.0,0.5777
2005-11-07,0.5733,0.0983,0.1203,-100.0,0.5733
2005-11-08,0.5698,0.1067,0.1156,-100.0,0.5698
2005-11-09,0.5649000000000001,0.0997,0.1094,-100.0,0.5649000000000001
2005-11-10,0.5585,0.1067,0.1062,-100.0,0.5585
2005-11-11,0.5535,0.1046,0.0966,-100.0,0.5535
2005-11-12,0.5514,0.1037,0.0853,-100.0,0.5514
2005-11-13,0.5451,0.1116,0.07050000000000001,-100.0,0.5451
2005-11-14,0.5411,0.1105,0.0708,-100.0,0.5411
2005-11-15,0.5362,0.1199,0.0755,-100.0,0.5362
2005-11-16,0.5332,0.1149,0.0905,-100.0,0.5332
2005-11-17,0.5297000000000001,0.1198,0.1005,-100.0,0.5297000000000001
2005-11-18,0.5277000000000001,0.1263,0.1064,-100.0,0.5277000000000001
2005-11-19,0.5249,0.1303,0.12810000000000002,-100.0,0.5249
2005-11-20,0.5243,0.1418,0.1307,-100.0,0.5243
2005-11-21,0.5274,0.1583,0.1376,-100.0,0.5274
2005-11-22,0.5274,0.1686,0.1495,-100.0,0.5274
2005-11-23,0.5287000000000001,0.1794,0.15560000000000002,-100.0,0.5287000000000001
2005-11-24,0.5307000000000001,0.1996,0.1595,-100.0,0.5307000000000001
2005-11-25,0.5339,0.2004,0.1575,-100.0,0.5339
2005-11-26,0.5365,0.2133,0.151,-100.0,0.5365
2005-11-27,0.5399,0.2219,0.1555,-100.0,0.5399
2005-11-28,0.5429,0.2378,0.1628,-100.0,0.5429
2005-11-29,0.5475,0.25420000000000004,0.1602,-100.0,0.5475
2005-11-30,0.5505,0.2609,0.135,-100.0,0.5505
2005-12-01,0.5556,0.2645,0.1296,-100.0,0.5556
2005-12-02,0.5594,0.27080000000000004,0.1178,-100.0,0.5594
2005-12-03,0.5608000000000001,0.28400000000000003,0.1078,-100.0,0.5608000000000001
2005-12-04,0.5618000000000001,0.3007,0.07150000000000001,-100.0,0.5618000000000001
2005-12-05,0.5592,0.3149,0.040999999999999995,-100.0,0.5592
2005-12-06,0.5603,0.3216,0.022,-100.0,0.5603
2005-12-07,0.5629000000000001,0.30910000000000004,0.0206,-100.0,0.5629000000000001
2005-12-08,0.5637,0.3005,0.0316,-100.0,0.5637
2005-12-09,0.5608000000000001,0.2963,0.0263,-100.0,0.5608000000000001
2005-12-10,0.5596,0.28650000000000003,0.031,-100.0,0.5596
2005-12-11,0.5569000000000001,0.271,0.031400000000000004,-100.0,0.5569000000000001
2005-12-12,0.5553,0.2398,0.0619,-100.0,0.5553
2005-12-13,0.5543,0.2177,0.076,-100.0,0.5543
2005-12-14,0.5493,0.2142,0.0896,-100.0,0.5493
2005-12-15,0.5436,0.211,0.0956,-100.0,0.5436
2005-12-16,0.5416000000000001,0.1958,0.0963,-100.0,0.5416000000000001
2005-12-17,0.5404,0.1958,0.1036,-100.0,0.5404
2005-12-18,0.5432,0.1947,0.1034,-100.0,0.5432
2005-12-19,0.5418000000000001,0.1833,0.0927,-100.0,0.5418000000000001
2005-12-20,0.5409,0.1871,0.0867,-100.0,0.5409
2005-12-21,0.5396000000000001,0.1922,0.0911,-100.0,0.5396000000000001
2005-12-22,0.5413,0.1914,0.079,-100.0,0.5413
2005-12-23,0.5443,0.1924,0.0897,-100.0,0.5443
2005-12-24,0.5491,0.1711,0.0741,-100.0,0.5491
2005-12-25,0.5486,0.1647,0.0723,-100.0,0.5486
2005-12-26,0.5516,0.15760000000000002,0.0723,-100.0,0.5516
2005-12-27,0.5501,0.1587,0.05860000000000001,-100.0,0.5501
2005-12-28,0.5521,0.1559,0.0732,-100.0,0.5521
2005-12-29,0.5539999999999999,0.14250000000000002,0.0716,-100.0,0.5539999999999999
2005-12-30,0.5563,0.12860000000000002,0.0666,-100.0,0.5563
2005-12-31,0.5543,0.1211,0.0722,-100.0,0.5543
2006-01-01,0.5572,0.1106,0.0828,-100.0,0.5572
2006-01-02,0.5584,0.1038,0.0869,-100.0,0.5584
2006-01-03,0.5632,0.1033,0.0973,-100.0,0.5632
2006-01-04,0.5660000000000001,0.0938,0.0945,-100.0,0.5660000000000001
2006-01-05,0.5691,0.1019,0.0896,-100.0,0.5691
2006-01-06,0.5727,0.1033,0.0782,-100.0,0.5727
2006-01-07,0.5738,0.0985,0.07590000000000001,-100.0,0.5738
2006-01-08,0.5765,0.0991,0.0791,-100.0,0.5765
2006-01-09,0.5794,0.08850000000000001,0.0687,-100.0,0.5794
2006-01-10,0.5778,0.091,0.055200000000000006,-100.0,0.5778
2006-01-11,0.5802,0.08030000000000001,0.05980000000000001,-100.0,0.5802
2006-01-12,0.5808,0.083,0.0717,-100.0,0.5808
2006-01-13,0.5829,0.06960000000000001,0.0684,-100.0,0.5829
2006-01-14,0.5840000000000001,0.05880000000000001,0.0752,-100.0,0.5840000000000001
2006-01-15,0.5842,0.0544,0.07680000000000001,-100.0,0.5842
2006-01-16,0.5862,0.0332,0.0782,-100.0,0.5862
2006-01-17,0.5881000000000001,0.0195,0.07400000000000001,-100.0,0.5881000000000001
2006-01-18,0.5886,0.0013000000000000002,0.0724,-100.0,0.5886
2006-01-19,0.5917,-0.0162,0.075,-100.0,0.5917
2006-01-20,0.5956,-0.0212,0.07970000000000001,-100.0,0.5956
2006-01-21,0.5998,-0.0541,0.08220000000000001,-100.0,0.5998
2006-01-22,0.6047,-0.0707,0.1004,-100.0,0.6047
2006-01-23,0.6077,-0.0804,0.0943,-100.0,0.6077
2006-01-24,0.6116,-0.0911,0.0933,-100.0,0.6116
2006-01-25,0.6152000000000001,-0.1109,0.0811,-100.0,0.6152000000000001
2006-01-26,0.6192000000000001,-0.1237,0.0767,-100.0,0.6192000000000001
2006-01-27,0.6233000000000001,-0.1347,0.06330000000000001,-100.0,0.6233000000000001
2006-01-28,0.6231,-0.1369,0.0468,-100.0,0.6231
2006-01-29,0.6267,-0.152,0.0257,-100.0,0.6267
2006-01-30,0.6285000000000001,-0.1529,0.0219,-100.0,0.6285000000000001
2006-01-31,0.6276,-0.1647,0.0053,-100.0,0.6276
2006-02-01,0.626,-0.1594,-0.0115,-100.0,0.626
2006-02-02,0.6253000000000001,-0.1549,-0.013800000000000002,-100.0,0.6253000000000001
2006-02-03,0.6217,-0.14250000000000002,-0.032600000000000004,-100.0,0.6217
2006-02-04,0.6182000000000001,-0.129,-0.0439,-100.0,0.6182000000000001
2006-02-05,0.6159,-0.1142,-0.0541,-100.0,0.6159
2006-02-06,0.6103000000000001,-0.1,-0.0507,-100.0,0.6103000000000001
2006-02-07,0.6086,-0.1016,-0.052000000000000005,-100.0,0.6086
2006-02-08,0.6061000000000001,-0.0919,-0.0476,-100.0,0.6061000000000001
2006-02-09,0.6019,-0.0758,-0.028200000000000006,-100.0,0.6019
2006-02-10,0.5992000000000001,-0.0746,-0.0158,-100.0,0.5992000000000001
2006-02-11,0.599,-0.0625,-0.0053,-100.0,0.599
2006-02-12,0.5976,-0.05880000000000001,0.0125,-100.0,0.5976
2006-02-13,0.5964,-0.0515,0.0277,-100.0,0.5964
2006-02-14,0.597,-0.05710000000000001,0.0415,0.597,0.597
2006-02-15,0.5976,-0.06430000000000001,0.0499,0.5976,0.5976
2006-02-16,0.5978,-0.0651,0.0534,0.5978,0.5978
2006-02-17,0.5989,-0.0845,0.06000000000000001,0.5989,0.5989
2006-02-18,0.5986,-0.1036,0.05690000000000001,0.5986,0.5986
2006-02-19,0.6011000000000001,-0.1206,0.0567,0.6011000000000001,0.6011000000000001
2006-02-20,0.599,-0.1424,0.044,0.599,0.599
2006-02-21,0.601,-0.1633,0.0375,0.601,0.601
2006-02-22,0.6003000000000001,-0.2035,0.0229,0.6003000000000001,0.6003000000000001
2006-02-23,0.6018,-0.2252,0.0015,0.6018,0.6018
2006-02-24,0.6022000000000001,-0.2364,-0.0037,0.6022000000000001,0.6022000000000001
2006-02-25,0.6029,-0.2455,0.0007,0.6029,0.6029
2006-02-26,0.6031000000000001,-0.2692,-0.006500000000000001,0.6031000000000001,0.6031000000000001
2006-02-27,0.6034,-0.2786,-0.0094,0.6034,0.6034
2006-02-28,0.6023000000000001,-0.2758,-0.0109,0.6023000000000001,0.6023000000000001
2006-03-01,0.6009,-0.28950000000000004,0.0014,0.6009,0.6009
2006-03-02,0.5987,-0.2974,0.009000000000000001,0.5987,0.5987
2006-03-03,0.5983,-0.2931,0.0177,0.5983,0.5983
2006-03-04,0.5957,-0.27699999999999997,0.0313,0.5957,0.5957
2006-03-05,0.597,-0.264,0.0539,0.597,0.597
2006-03-06,0.5966,-0.2541,0.0673,0.5966,0.5966
2006-03-07,0.5983,-0.2388,0.0852,0.5983,0.5983
2006-03-08,0.5992000000000001,-0.2299,0.10099999999999999,0.5992000000000001,0.5992000000000001
2006-03-09,0.6024,-0.2222,0.13,0.6024,0.6024
2006-03-10,0.6021000000000001,-0.1899,0.1453,0.6021000000000001,0.6021000000000001
2006-03-11,0.6073000000000001,-0.172,0.16640000000000002,0.6073000000000001,0.6073000000000001
2006-03-12,0.6118,-0.1627,0.1721,0.6118,0.6118
2006-03-13,0.6149,-0.13870000000000002,0.1817,0.6149,0.6149
2006-03-14,0.6191,-0.1203,0.1806,0.6191,0.6191
2006-03-15,0.6219,-0.1145,0.1891,0.6219,0.6219
2006-03-16,0.6279,-0.1063,0.1948,0.6279,0.6279
2006-03-17,0.6344000000000001,-0.0918,0.1935,0.6344000000000001,0.6344000000000001
2006-03-18,0.6412,-0.0937,0.1881,0.6412,0.6412
2006-03-19,0.6457,-0.0843,0.17420000000000002,0.6457,0.6457
2006-03-20,0.6496000000000001,-0.08990000000000001,0.1587,0.6496000000000001,0.6496000000000001
2006-03-21,0.6549,-0.1045,0.13670000000000002,0.6549,0.6549
2006-03-22,0.6579,-0.1146,0.1066,0.6579,0.6579
2006-03-23,0.6601,-0.1165,0.083,0.6601,0.6601
2006-03-24,0.6615,-0.1351,0.0693,0.6615,0.6615
2006-03-25,0.6659999999999999,-0.1593,0.0392,0.6659999999999999,0.6659999999999999
2006-03-26,0.6676000000000001,-0.1799,0.0184,0.6676000000000001,0.6676000000000001
2006-03-27,0.6659,-0.2033,-0.013,0.6659,0.6659
2006-03-28,0.6648000000000001,-0.2185,-0.0316,0.6648000000000001,0.6648000000000001
2006-03-29,0.6655,-0.243,-0.0356,0.6655,0.6655
2006-03-30,0.6646000000000001,-0.2473,-0.0444,0.6646000000000001,0.6646000000000001
2006-03-31,0.6631,-0.2545,-0.0459,0.6631,0.6631
2006-04-01,0.6609,-0.25880000000000003,-0.0443,0.6609,0.6609
2006-04-02,0.6591,-0.2443,-0.0465,0.6591,0.6591
2006-04-03,0.6578,-0.2397,-0.038200000000000005,0.6578,0.6578
2006-04-04,0.6567000000000001,-0.2261,-0.0378,0.6567000000000001,0.6567000000000001
2006-04-05,0.6573,-0.2164,-0.0165,0.6573,0.6573
2006-04-06,0.6593,-0.2037,0.0043,0.6593,0.6593
2006-04-07,0.6612,-0.1978,0.0218,0.6612,0.6612
2006-04-08,0.6663,-0.1869,0.053000000000000005,0.6663,0.6663
2006-04-09,0.6709,-0.17170000000000002,0.0958,0.6709,0.6709
2006-04-10,0.6769000000000001,-0.1721,0.1361,0.6769000000000001,0.6769000000000001
2006-04-11,0.6847000000000001,-0.1637,0.1777,0.6847000000000001,0.6847000000000001
2006-04-12,0.6920000000000001,-0.1657,0.2162,0.6920000000000001,0.6920000000000001
2006-04-13,0.7030000000000001,-0.1536,0.2556,0.7030000000000001,0.7030000000000001
2006-04-14,0.7117,-0.1467,0.2934,0.7117,0.7117
2006-04-15,0.7240000000000001,-0.1338,0.322,0.7240000000000001,0.7240000000000001
2006-04-16,0.7387,-0.1394,0.3501,0.7387,0.7387
2006-04-17,0.7532,-0.1225,0.3724,0.7532,0.7532
2006-04-18,0.7656000000000001,-0.1137,0.3871,0.7656000000000001,0.7656000000000001
2006-04-19,0.7796000000000001,-0.094,0.3993,0.7796000000000001,0.7796000000000001
2006-04-20,0.7918000000000001,-0.0919,0.4038,0.7918000000000001,0.7918000000000001
2006-04-21,0.8067000000000001,-0.0777,0.4086,0.8067000000000001,0.8067000000000001
2006-04-22,0.8180000000000001,-0.0627,0.4232,0.8180000000000001,0.8180000000000001
2006-04-23,0.8340000000000001,-0.055400000000000005,0.4078,0.8340000000000001,0.8340000000000001
2006-04-24,0.8469,-0.038700000000000005,0.3972,0.8469,0.8469
2006-04-25,0.8598,-0.0318,0.3901,0.8598,0.8598
2006-04-26,0.8725,-0.0207,0.3652,0.8725,0.8725
2006-04-27,0.8826,-0.011,0.3311,0.8826,0.8826
2006-04-28,0.8927,0.003,0.2857,0.8927,0.8927
2006-04-29,0.9022,0.0043,0.24,0.9022,0.9022
2006-04-30,0.9086,0.0095,0.1895,0.9086,0.9086
2006-05-01,0.9088,0.0158,0.14200000000000002,0.9088,0.9088
2006-05-02,0.9054,0.0116,0.0931,0.9054,0.9054
2006-05-03,0.9031,-0.0016,0.048,0.9031,0.9031
2006-05-04,0.9002,-0.0081,-0.0123,0.9002,0.9002
2006-05-05,0.8955000000000001,-0.0198,-0.0545,0.8955000000000001,0.8955000000000001
2006-05-06,0.8894000000000001,-0.0278,-0.1142,0.8894000000000001,0.8894000000000001
2006-05-07,0.882,-0.0458,-0.1383,0.882,0.882
2006-05-08,0.8716,-0.054000000000000006,-0.1725,0.8716,0.8716
2006-05-09,0.861,-0.08070000000000001,-0.2012,0.861,0.861
2006-05-10,0.8517,-0.0893,-0.2199,0.8517,0.8517
2006-05-11,0.8396,-0.0964,-0.2402,0.8396,0.8396
2006-05-12,0.8264,-0.1093,-0.2581,0.8264,0.8264
2006-05-13,0.8139000000000001,-0.1255,-0.2559,0.8139000000000001,0.8139000000000001
2006-05-14,0.7984,-0.1338,-0.2675,0.7984,0.7984
2006-05-15,0.7827000000000001,-0.1509,-0.2791,0.7827000000000001,0.7827000000000001
2006-05-16,0.7683,-0.1657,-0.27640000000000003,0.7683,0.7683
2006-05-17,0.7551,-0.1741,-0.2676,0.7551,0.7551
2006-05-18,0.7421,-0.187,-0.2577,0.7421,0.7421
2006-05-19,0.7269,-0.1852,-0.2289,0.7269,0.7269
2006-05-20,0.7138,-0.1813,-0.2089,0.7138,0.7138
2006-05-21,0.7058,-0.1752,-0.1797,0.7058,0.7058
2006-05-22,0.6995,-0.1651,-0.1461,0.6995,0.6995
2006-05-23,0.6948000000000001,-0.1595,-0.1214,0.6948000000000001,0.6948000000000001
2006-05-24,0.6888000000000001,-0.16190000000000002,-0.1008,0.6888000000000001,0.6888000000000001
2006-05-25,0.6834,-0.1584,-0.0713,0.6834,0.6834
2006-05-26,0.6774,-0.1568,-0.048400000000000006,0.6774,0.6774
2006-05-27,0.6758000000000001,-0.1514,-0.025,0.6758000000000001,0.6758000000000001
2006-05-28,0.6752,-0.1585,-0.0048,0.6752,0.6752
2006-05-29,0.6754,-0.15030000000000002,0.0066,0.6754,0.6754
2006-05-30,0.6749,-0.1432,0.0212,0.6749,0.6749
2006-05-31,0.6757000000000001,-0.14120000000000002,0.029300000000000007,0.6757000000000001,0.6757000000000001
2006-06-01,0.6759000000000001,-0.1128,0.040999999999999995,0.6759000000000001,0.6759000000000001
2006-06-02,0.6774,-0.1056,0.0389,0.6774,0.6774
2006-06-03,0.6772,-0.0952,0.0392,0.6772,0.6772
2006-06-04,0.6762,-0.0854,0.0344,0.6762,0.6762
2006-06-05,0.675,-0.0823,0.0249,0.675,0.675
2006-06-06,0.6746,-0.076,0.0295,0.6746,0.6746
2006-06-07,0.6754,-0.07390000000000001,0.0368,0.6754,0.6754
2006-06-08,0.6775,-0.0619,0.0139,0.6775,0.6775
2006-06-09,0.6736000000000001,-0.0587,0.0114,0.6736000000000001,0.6736000000000001
2006-06-10,0.6721,-0.0516,0.016800000000000002,0.6721,0.6721
2006-06-11,0.6679999999999999,-0.0665,0.0144,0.6679999999999999,0.6679999999999999
2006-06-12,0.6646000000000001,-0.0694,0.018000000000000002,0.6646000000000001,0.6646000000000001
2006-06-13,0.6643,-0.0572,0.0183,0.6643,0.6643
2006-06-14,0.6614,-0.048400000000000006,0.0279,0.6614,0.6614
2006-06-15,0.6577000000000001,-0.0278,0.0346,0.6577000000000001,0.6577000000000001
2006-06-16,0.6564,-0.0224,0.037000000000000005,0.6564,0.6564
2006-06-17,0.6509,-0.0173,0.0298,0.6509,0.6509
2006-06-18,0.6473,-0.0173,0.0262,0.6473,0.6473
2006-06-19,0.6444000000000001,-0.0061,0.0379,0.6444000000000001,0.6444000000000001
2006-06-20,0.6414000000000001,-0.004,0.035500000000000004,0.6414000000000001,0.6414000000000001
2006-06-21,0.6415000000000001,0.0011,0.047900000000000005,0.6415000000000001,0.6415000000000001
2006-06-22,0.6397,0.0325,0.0464,0.6397,0.6397
2006-06-23,0.6426000000000001,0.0434,0.0469,0.6426000000000001,0.6426000000000001
2006-06-24,0.6444000000000001,0.0543,0.054000000000000006,0.6444000000000001,0.6444000000000001
2006-06-25,0.6428,0.0669,0.045700000000000005,0.6428,0.6428
2006-06-26,0.6435000000000001,0.07010000000000001,0.046700000000000005,0.6435000000000001,0.6435000000000001
2006-06-27,0.6443,0.0992,0.0505,0.6443,0.6443
2006-06-28,0.6481,0.1147,0.053000000000000005,0.6481,0.6481
2006-06-29,0.6502,0.08370000000000001,0.055900000000000005,0.6502,0.6502
2006-06-30,0.6506000000000001,0.0825,0.0334,0.6506000000000001,0.6506000000000001
2006-07-01,0.6486000000000001,0.0746,0.0237,0.6486000000000001,0.6486000000000001
2006-07-02,0.6473,0.0613,0.0256,0.6473,0.6473
2006-07-03,0.6453,0.055200000000000006,0.022,0.6453,0.6453
2006-07-04,0.6455000000000001,0.0398,0.0207,0.6455000000000001,0.6455000000000001
2006-07-05,0.6461,0.023,0.0347,0.6461,0.6461
2006-07-06,0.6464000000000001,0.0059,0.039900000000000005,0.6464000000000001,0.6464000000000001
2006-07-07,0.6489,-0.0123,0.0473,0.6489,0.6489
2006-07-08,0.6507000000000001,-0.0366,0.0515,0.6507000000000001,0.6507000000000001
2006-07-09,0.6478,-0.0431,0.0658,0.6478,0.6478
2006-07-10,0.6525000000000001,-0.055999999999999994,0.07250000000000001,0.6525000000000001,0.6525000000000001
2006-07-11,0.6535000000000001,-0.05710000000000001,0.0992,0.6535000000000001,0.6535000000000001
2006-07-12,0.6556000000000001,-0.054200000000000005,0.1163,0.6556000000000001,0.6556000000000001
2006-07-13,0.6611,-0.0398,0.1258,0.6611,0.6611
2006-07-14,0.6629,-0.0405,0.14200000000000002,0.6629,0.6629
2006-07-15,0.6659,-0.0246,0.16090000000000002,0.6659,0.6659
2006-07-16,0.6695,0.006500000000000001,0.1748,0.6695,0.6695
2006-07-17,0.6741,0.035,0.1881,0.6741,0.6741
2006-07-18,0.6812,0.038,0.2078,0.6812,0.6812
2006-07-19,0.6878000000000001,0.0731,0.2232,0.6878000000000001,0.6878000000000001
2006-07-20,0.6941,0.0855,0.2315,0.6941,0.6941
2006-07-21,0.7021000000000001,0.1045,0.2264,0.7021000000000001,0.7021000000000001
2006-07-22,0.7083,0.1331,0.2143,0.7083,0.7083
2006-07-23,0.7139,0.1343,0.2149,0.7139,0.7139
2006-07-24,0.7190000000000001,0.1511,0.218,0.7190000000000001,0.7190000000000001
2006-07-25,0.7210000000000001,0.1504,0.2054,0.7210000000000001,0.7210000000000001
2006-07-26,0.7232000000000001,0.1474,0.2185,0.7232000000000001,0.7232000000000001
2006-07-27,0.7256,0.1082,0.201,0.7256,0.7256
2006-07-28,0.7287,0.0967,0.1831,0.7287,0.7287
2006-07-29,0.7282000000000001,0.0913,0.1683,0.7282000000000001,0.7282000000000001
2006-07-30,0.7272000000000001,0.08020000000000001,0.1539,0.7272000000000001,0.7272000000000001
2006-07-31,0.7256,0.0671,0.1403,0.7256,0.7256
2006-08-01,0.7196,0.0694,0.1277,0.7196,0.7196
2006-08-02,0.7151000000000001,0.0671,0.1186,0.7151000000000001,0.7151000000000001
2006-08-03,0.7120000000000001,0.08360000000000001,0.1135,0.7120000000000001,0.7120000000000001
2006-08-04,0.7082,0.091,0.1191,0.7082,0.7082
2006-08-05,0.7048,0.1166,0.124,0.7048,0.7048
2006-08-06,0.7012,0.1283,0.1254,0.7012,0.7012
2006-08-07,0.6992,0.155,0.1453,0.6992,0.6992
2006-08-08,0.6979000000000001,0.1637,0.1542,0.6979000000000001,0.6979000000000001
2006-08-09,0.6982,0.1772,0.17980000000000002,0.6982,0.6982
2006-08-10,0.7012,0.1876,0.1982,0.7012,0.7012
2006-08-11,0.7007,0.2013,0.2148,0.7007,0.7007
2006-08-12,0.7021000000000001,0.1993,0.2168,0.7021000000000001,0.7021000000000001
2006-08-13,0.7045,0.2061,0.2233,0.7045,0.7045
2006-08-14,0.7062,0.1977,0.2229,0.7062,0.7062
2006-08-15,0.7084,0.1876,0.1977,0.7084,0.7084
2006-08-16,0.7098,0.1871,0.1822,0.7098,0.7098
2006-08-17,0.7115,0.1815,0.1708,0.7115,0.7115
2006-08-18,0.7116,0.1805,0.1555,0.7116,0.7116
2006-08-19,0.7078,0.1794,0.1331,0.7078,0.7078
2006-08-20,0.7084,0.1788,0.1066,0.7084,0.7084
2006-08-21,0.7073,0.1853,0.0884,0.7073,0.7073
2006-08-22,0.7017,0.1961,0.0645,0.7017,0.7017
2006-08-23,0.6958000000000001,0.2023,0.0349,0.6958000000000001,0.6958000000000001
2006-08-24,0.6909000000000001,0.2172,0.0177,0.6909000000000001,0.6909000000000001
2006-08-25,0.6871,0.2207,0.0035,0.6871,0.6871
2006-08-26,0.68,0.2388,0.0064,0.68,0.68
2006-08-27,0.6774,0.2403,0.0014,0.6774,0.6774
2006-08-28,0.6736000000000001,0.2434,-0.0058000000000000005,0.6736000000000001,0.6736000000000001
2006-08-29,0.672,0.2696,-0.0064,0.672,0.672
2006-08-30,0.6671,0.2893,-0.0097,0.6671,0.6671
2006-08-31,0.6648000000000001,0.3118,-0.009000000000000001,0.6648000000000001,0.6648000000000001
2006-09-01,0.6627000000000001,0.30720000000000003,-0.001,0.6627000000000001,0.6627000000000001
2006-09-02,0.6619,0.3229,-0.017,0.6619,0.6619
2006-09-03,0.6558,0.32430000000000003,-0.0197,0.6558,0.6558
2006-09-04,0.6521,0.3289,-0.0361,0.6521,0.6521
2006-09-05,0.6472,0.32030000000000003,-0.0439,0.6472,0.6472
2006-09-06,0.6444000000000001,0.3146,-0.0515,0.6444000000000001,0.6444000000000001
2006-09-07,0.6407,0.28090000000000004,-0.059,0.6407,0.6407
2006-09-08,0.6355000000000001,0.2677,-0.064,0.6355000000000001,0.6355000000000001
2006-09-09,0.6321,0.2696,-0.0755,0.6321,0.6321
2006-09-10,0.6228,0.2559,-0.0879,0.6228,0.6228
2006-09-11,0.6183000000000001,0.2402,-0.0785,0.6183000000000001,0.6183000000000001
2006-09-12,0.6109,0.2343,-0.0746,0.6109,0.6109
2006-09-13,0.6028,0.2258,-0.0757,0.6028,0.6028
2006-09-14,0.5989,0.2123,-0.0591,0.5989,0.5989
2006-09-15,0.5958,0.2146,-0.044,0.5958,0.5958
2006-09-16,0.5931000000000001,0.2097,-0.0224,0.5931000000000001,0.5931000000000001
2006-09-17,0.5931000000000001,0.2052,-0.006,0.5931000000000001,0.5931000000000001
2006-09-18,0.5904,0.1929,0.0121,0.5904,0.5904
2006-09-19,0.5892000000000001,0.16970000000000002,0.0165,0.5892000000000001,0.5892000000000001
2006-09-20,0.5854,0.1652,0.0408,0.5854,0.5854
2006-09-21,0.5862,0.1819,0.0678,0.5862,0.5862
2006-09-22,0.5828,0.17120000000000002,0.0756,0.5828,0.5828
2006-09-23,0.5815,0.1643,0.0884,0.5815,0.5815
2006-09-24,0.5809000000000001,0.19399999999999998,0.0975,0.5809000000000001,0.5809000000000001
2006-09-25,0.5802,0.1819,0.1096,0.5802,0.5802
2006-09-26,0.5789000000000001,0.2022,0.125,0.5789000000000001,0.5789000000000001
2006-09-27,0.5788,0.2074,0.136,0.5788,0.5788
2006-09-28,0.5791000000000001,0.2209,0.1444,0.5791000000000001,0.5791000000000001
2006-09-29,0.5769000000000001,0.2581,0.15030000000000002,0.5769000000000001,0.5769000000000001
2006-09-30,0.5770000000000001,0.2715,0.13390000000000002,0.5770000000000001,0.5770000000000001
2006-10-01,0.5769000000000001,0.2716,0.1437,0.5769000000000001,0.5769000000000001
2006-10-02,0.5749000000000001,0.26430000000000003,0.1555,0.5749000000000001,0.5749000000000001
2006-10-03,0.5742,0.2494,0.1552,0.5742,0.5742
2006-10-04,0.5736,0.2441,0.16010000000000002,0.5736,0.5736
2006-10-05,0.5751000000000001,0.2292,0.16399999999999998,0.5751000000000001,0.5751000000000001
2006-10-06,0.5725,0.2387,0.1628,0.5725,0.5725
2006-10-07,0.5709000000000001,0.2427,0.1573,0.5709000000000001,0.5709000000000001
2006-10-08,0.5717,0.261,0.1691,0.5717,0.5717
2006-10-09,0.5723,0.2782,0.1741,0.5723,0.5723
2006-10-10,0.5738,0.3007,0.1827,0.5738,0.5738
2006-10-11,0.5751000000000001,0.3128,0.1912,0.5751000000000001,0.5751000000000001
2006-10-12,0.5757,0.3259,0.1947,0.5757,0.5757
2006-10-13,0.5747,0.3422,0.1922,0.5747,0.5747
2006-10-14,0.5754,0.3508,0.1967,0.5754,0.5754
2006-10-15,0.5775,0.3813,0.1849,0.5775,0.5775
2006-10-16,0.5791000000000001,0.3794,0.1868,0.5791000000000001,0.5791000000000001
2006-10-17,0.5808,0.3904,0.1916,0.5808,0.5808
2006-10-18,0.5802,0.3929,0.1815,0.5802,0.5802
2006-10-19,0.5807,0.4009,0.183,0.5807,0.5807
2006-10-20,0.5831000000000001,0.3987,0.1869,0.5831000000000001,0.5831000000000001
2006-10-21,0.5848,0.3923,0.1898,0.5848,0.5848
2006-10-22,0.5890000000000001,0.3912,0.1867,0.5890000000000001,0.5890000000000001
2006-10-23,0.5921000000000001,0.3779,0.19399999999999998,0.5921000000000001,0.5921000000000001
2006-10-24,0.5966,0.3747,0.1945,0.5966,0.5966
2006-10-25,0.601,0.3795,0.2135,0.601,0.601
2006-10-26,0.6053000000000001,0.3247,0.21899999999999997,0.6053000000000001,0.6053000000000001
2006-10-27,0.6081,0.3255,0.2269,0.6081,0.6081
2006-10-28,0.6122000000000001,0.3099,0.2235,0.6122000000000001,0.6122000000000001
2006-10-29,0.6176,0.29200000000000004,0.2349,0.6176,0.6176
2006-10-30,0.6199,0.2936,0.2395,0.6199,0.6199
2006-10-31,0.62,0.2732,0.2419,0.62,0.62
2006-11-01,0.6241,0.264,0.2368,0.6241,0.6241
2006-11-02,0.6295000000000001,0.25980000000000003,0.2341,0.6295000000000001,0.6295000000000001
2006-11-03,0.6294000000000001,0.2795,0.2219,0.6294000000000001,0.6294000000000001
2006-11-04,0.6322,0.3017,0.2081,0.6322,0.6322
2006-11-05,0.6308,0.2821,0.2122,0.6308,0.6308
2006-11-06,0.6332,0.2987,0.1814,0.6332,0.6332
2006-11-07,0.6302,0.3015,0.1703,0.6302,0.6302
2006-11-08,0.635,0.28290000000000004,0.1752,0.635,0.635
2006-11-09,0.6335000000000001,0.2733,0.1432,0.6335000000000001,0.6335000000000001
2006-11-10,0.6281,0.26990000000000003,0.1227,0.6281,0.6281
2006-11-11,0.6224000000000001,0.264,0.0991,0.6224000000000001,0.6224000000000001
2006-11-12,0.619,0.2509,0.1095,0.619,0.619
2006-11-13,0.6215,0.2394,0.08030000000000001,0.6215,0.6215
2006-11-14,0.6182000000000001,0.22899999999999998,0.0685,0.6182000000000001,0.6182000000000001
2006-11-15,0.6129,0.2321,0.048400000000000006,0.6129,0.6129
2006-11-16,0.6057,0.2252,0.0493,0.6057,0.6057
2006-11-17,0.6008,0.2231,0.0556,0.6008,0.6008
2006-11-18,0.5943,0.2187,0.049600000000000005,0.5943,0.5943
2006-11-19,0.5898,0.2222,0.0534,0.5898,0.5898
2006-11-20,0.5838,0.2204,0.051,0.5838,0.5838
2006-11-21,0.5774,0.2143,0.0516,0.5774,0.5774
2006-11-22,0.5719000000000001,0.1945,0.077,0.5719000000000001,0.5719000000000001
2006-11-23,0.5686,0.16840000000000002,0.0847,0.5686,0.5686
2006-11-24,0.5635,0.17550000000000002,0.0976,0.5635,0.5635
2006-11-25,0.5603,0.1625,0.1082,0.5603,0.5603
2006-11-26,0.5578000000000001,0.1516,0.1069,0.5578000000000001,0.5578000000000001
2006-11-27,0.557,0.15610000000000002,0.1174,0.557,0.557
2006-11-28,0.5582,0.1441,0.1322,0.5582,0.5582
2006-11-29,0.5572,0.15330000000000002,0.13820000000000002,0.5572,0.5572
2006-11-30,0.557,0.1529,0.1525,0.557,0.557
2006-12-01,0.5577,0.15910000000000002,0.16290000000000002,0.5577,0.5577
2006-12-02,0.5598000000000001,0.14700000000000002,0.1657,0.5598000000000001,0.5598000000000001
2006-12-03,0.5613,0.1421,0.16540000000000002,0.5613,0.5613
2006-12-04,0.5637,0.13870000000000002,0.1804,0.5637,0.5637
2006-12-05,0.5686,0.1366,0.188,0.5686,0.5686
2006-12-06,0.5721,0.1216,0.1964,0.5721,0.5721
2006-12-07,0.5769000000000001,0.10800000000000001,0.1911,0.5769000000000001,0.5769000000000001
2006-12-08,0.5830000000000001,0.0969,0.1851,0.5830000000000001,0.5830000000000001
2006-12-09,0.5858,0.0919,0.17400000000000002,0.5858,0.5858
2006-12-10,0.5901000000000001,0.0858,0.16390000000000002,0.5901000000000001,0.5901000000000001
2006-12-11,0.5967,0.0828,0.14850000000000002,0.5967,0.5967
2006-12-12,0.6029,0.0711,0.1454,0.6029,0.6029
2006-12-13,0.6105,0.0728,0.1396,0.6105,0.6105
2006-12-14,0.6174000000000001,0.065,0.1203,0.6174000000000001,0.6174000000000001
2006-12-15,0.6246,0.064,0.1039,0.6246,0.6246
2006-12-16,0.6321,0.055200000000000006,0.0982,0.6321,0.6321
2006-12-17,0.6406000000000001,0.0388,0.0854,0.6406000000000001,0.6406000000000001
2006-12-18,0.6466000000000001,0.027100000000000003,0.0674,0.6466000000000001,0.6466000000000001
2006-12-19,0.6527000000000001,0.0127,0.055200000000000006,0.6527000000000001,0.6527000000000001
2006-12-20,0.6568,0.0064,0.0332,0.6568,0.6568
2006-12-21,0.6603,-0.0144,0.0247,0.6603,0.6603
2006-12-22,0.6621,-0.0254,0.0121,0.6621,0.6621
2006-12-23,0.6633,-0.036000000000000004,0.006999999999999999,0.6633,0.6633
2006-12-24,0.6629,-0.0447,-0.0137,0.6629,0.6629
2006-12-25,0.6615,-0.057999999999999996,-0.0209,0.6615,0.6615
2006-12-26,0.6607000000000001,-0.06860000000000001,-0.029400000000000006,0.6607000000000001,0.6607000000000001
2006-12-27,0.6567000000000001,-0.06430000000000001,-0.0304,0.6567000000000001,0.6567000000000001
2006-12-28,0.6542,-0.0789,-0.046200000000000005,0.6542,0.6542
2006-12-29,0.655,-0.0757,-0.053000000000000005,0.655,0.655
2006-12-30,0.6546000000000001,-0.078,-0.0487,0.6546000000000001,0.6546000000000001
2006-12-31,0.6523,-0.0887,-0.0515,0.6523,0.6523
2007-01-01,0.6514,-0.0893,-0.0509,0.6514,0.6514
2007-01-02,0.6485000000000001,-0.0785,-0.053700000000000005,0.6485000000000001,0.6485000000000001
2007-01-03,0.648,-0.08460000000000001,-0.0505,0.648,0.648
2007-01-04,0.6449,-0.0727,-0.0563,0.6449,0.6449
2007-01-05,0.6427,-0.0722,-0.0599,0.6427,0.6427
2007-01-06,0.64,-0.0666,-0.0533,0.64,0.64
2007-01-07,0.6365000000000001,-0.0526,-0.0476,0.6365000000000001,0.6365000000000001
2007-01-08,0.6342,-0.045000000000000005,-0.038,0.6342,0.6342
2007-01-09,0.6313000000000001,-0.029300000000000007,-0.028999999999999998,0.6313000000000001,0.6313000000000001
2007-01-10,0.6283000000000001,-0.020800000000000003,-0.008400000000000001,0.6283000000000001,0.6283000000000001
2007-01-11,0.6265000000000001,-0.0143,0.0094,0.6265000000000001,0.6265000000000001
2007-01-12,0.6253000000000001,0.0218,0.029400000000000006,0.6253000000000001,0.6253000000000001
2007-01-13,0.6249,0.031400000000000004,0.044,0.6249,0.6249
2007-01-14,0.6269,0.0323,0.0577,0.6269,0.6269
2007-01-15,0.6274000000000001,0.0526,0.0786,0.6274000000000001,0.6274000000000001
2007-01-16,0.6293000000000001,0.0476,0.0709,0.6293000000000001,0.6293000000000001
2007-01-17,0.6308,0.049,0.0712,0.6308,0.6308
2007-01-18,0.6344000000000001,0.0442,0.07200000000000001,0.6344000000000001,0.6344000000000001
2007-01-19,0.6365000000000001,0.0438,0.0626,0.6365000000000001,0.6365000000000001
2007-01-20,0.6396000000000001,0.0296,0.0551,0.6396000000000001,0.6396000000000001
2007-01-21,0.6404000000000001,0.0117,0.0481,0.6404000000000001,0.6404000000000001
2007-01-22,0.6422,-0.0051,0.0426,0.6422,0.6422
2007-01-23,0.6434000000000001,-0.025,0.032600000000000004,0.6434000000000001,0.6434000000000001
2007-01-24,0.6425000000000001,-0.0512,0.0275,0.6425000000000001,0.6425000000000001
2007-01-25,0.6443,-0.0623,0.0295,0.6443,0.6443
2007-01-26,0.6443,-0.06960000000000001,0.0238,0.6443,0.6443
2007-01-27,0.6443,-0.0727,0.0204,0.6443,0.6443
2007-01-28,0.6486000000000001,-0.0779,0.0221,0.6486000000000001,0.6486000000000001
2007-01-29,0.6502,-0.0888,0.031900000000000005,0.6502,0.6502
2007-01-30,0.6509999999999999,-0.0943,0.0327,0.6509999999999999,0.6509999999999999
2007-01-31,0.652,-0.0945,0.0266,0.652,0.652
2007-02-01,0.6484,-0.0896,0.0483,0.6484,0.6484
2007-02-02,0.6481,-0.0947,0.0485,0.6481,0.6481
2007-02-03,0.65,-0.1007,0.0562,0.65,0.65
2007-02-04,0.6556000000000001,-0.106,0.0772,0.6556000000000001,0.6556000000000001
2007-02-05,0.6579,-0.1077,0.0893,0.6579,0.6579
2007-02-06,0.6611,-0.1014,0.1007,0.6611,0.6611
2007-02-07,0.6693,-0.1078,0.1087,0.6693,0.6693
2007-02-08,0.6755,-0.1188,0.1085,0.6755,0.6755
2007-02-09,0.6816,-0.1178,0.10800000000000001,0.6816,0.6816
2007-02-10,0.687,-0.1298,0.0941,0.687,0.687
2007-02-11,0.6940000000000001,-0.1343,0.0883,0.6940000000000001,0.6940000000000001
2007-02-12,0.6980000000000001,-0.16190000000000002,0.0655,0.6980000000000001,0.6980000000000001
2007-02-13,0.6989000000000001,-0.171,0.0597,0.6989000000000001,0.6989000000000001
2007-02-14,0.7045,-0.173,0.0531,0.7045,0.7045
2007-02-15,0.7075,-0.1844,0.0386,0.7075,0.7075
2007-02-16,0.7113,-0.1831,0.0308,0.7113,0.7113
2007-02-17,0.7151000000000001,-0.18600000000000005,0.0192,0.7151000000000001,0.7151000000000001
2007-02-18,0.7168,-0.1859,0.011,0.7168,0.7168
2007-02-19,0.7211000000000001,-0.1941,0.0136,0.7211000000000001,0.7211000000000001
2007-02-20,0.7233,-0.1978,0.0108,0.7233,0.7233
2007-02-21,0.7235,-0.2081,0.006,0.7235,0.7235
2007-02-22,0.7251000000000001,-0.2112,0.0082,0.7251000000000001,0.7251000000000001
2007-02-23,0.7260000000000001,-0.2198,0.013800000000000002,0.7260000000000001,0.7260000000000001
2007-02-24,0.7311000000000001,-0.2405,0.0236,0.7311000000000001,0.7311000000000001
2007-02-25,0.7321000000000001,-0.2543,0.0295,0.7321000000000001,0.7321000000000001
2007-02-26,0.7359,-0.26730000000000004,0.0407,0.7359,0.7359
2007-02-27,0.7383000000000001,-0.2813,0.0454,0.7383000000000001,0.7383000000000001
2007-02-28,0.7387,-0.2795,0.059,0.7387,0.7387
2007-03-01,0.7415,-0.30260000000000004,0.0614,0.7415,0.7415
2007-03-02,0.7433000000000001,-0.306,0.0601,0.7433000000000001,0.7433000000000001
2007-03-03,0.7447,-0.3276,0.0687,0.7447,0.7447
2007-03-04,0.7494000000000001,-0.3427,0.0602,0.7494000000000001,0.7494000000000001
2007-03-05,0.7519,-0.3483,0.0679,0.7519,0.7519
2007-03-06,0.7533000000000001,-0.3539,0.066,0.7533000000000001,0.7533000000000001
2007-03-07,0.7531,-0.3632,0.0511,0.7531,0.7531
2007-03-08,0.755,-0.3632,0.051800000000000006,0.755,0.755
2007-03-09,0.7538,-0.3588,0.0437,0.7538,0.7538
2007-03-10,0.7549,-0.34790000000000004,0.034300000000000004,0.7549,0.7549
2007-03-11,0.7535000000000001,-0.34450000000000003,0.0241,0.7535000000000001,0.7535000000000001
2007-03-12,0.75,-0.33630000000000004,0.0085,0.75,0.75
2007-03-13,0.7487,-0.33380000000000004,-0.0252,0.7487,0.7487
2007-03-14,0.7449,-0.3113,-0.045700000000000005,0.7449,0.7449
2007-03-15,0.7418,-0.3121,-0.0607,0.7418,0.7418
2007-03-16,0.738,-0.2933,-0.0716,0.738,0.738
2007-03-17,0.7331000000000001,-0.2908,-0.0829,0.7331000000000001,0.7331000000000001
2007-03-18,0.7277,-0.2899,-0.0929,0.7277,0.7277
2007-03-19,0.7214,-0.2848,-0.1005,0.7214,0.7214
2007-03-20,0.7150000000000001,-0.28500000000000003,-0.09699999999999999,0.7150000000000001,0.7150000000000001
2007-03-21,0.7102,-0.2922,-0.1031,0.7102,0.7102
2007-03-22,0.7049000000000001,-0.2964,-0.0857,0.7049000000000001,0.7049000000000001
2007-03-23,0.7034,-0.30770000000000003,-0.0825,0.7034,0.7034
2007-03-24,0.6999000000000001,-0.3105,-0.0656,0.6999000000000001,0.6999000000000001
2007-03-25,0.6949000000000001,-0.319,-0.06380000000000001,0.6949000000000001,0.6949000000000001
2007-03-26,0.6922,-0.31970000000000004,-0.0485,0.6922,0.6922
2007-03-27,0.6892,-0.3209,-0.0493,0.6892,0.6892
2007-03-28,0.6864,-0.31820000000000004,-0.0489,0.6864,0.6864
2007-03-29,0.6826,-0.32,-0.045700000000000005,0.6826,0.6826
2007-03-30,0.6752,-0.3068,-0.05,0.6752,0.6752
2007-03-31,0.6724,-0.28950000000000004,-0.0422,0.6724,0.6724
2007-04-01,0.6693,-0.27290000000000003,-0.0529,0.6693,0.6693
2007-04-02,0.6694,-0.2635,-0.0356,0.6694,0.6694
2007-04-03,0.667,-0.2406,-0.040400000000000005,0.667,0.667
2007-04-04,0.6668000000000001,-0.2349,-0.0469,0.6668000000000001,0.6668000000000001
2007-04-05,0.6666000000000001,-0.2209,-0.030500000000000006,0.6666000000000001,0.6666000000000001
2007-04-06,0.6664,-0.1957,-0.0391,0.6664,0.6664
2007-04-07,0.6672,-0.1759,-0.029300000000000007,0.6672,0.6672
2007-04-08,0.6692,-0.1666,-0.003,0.6692,0.6692
2007-04-09,0.6714,-0.136,0.0162,0.6714,0.6714
2007-04-10,0.674,-0.1135,0.024200000000000003,0.674,0.674
2007-04-11,0.6759000000000001,-0.0748,0.0346,0.6759000000000001,0.6759000000000001
2007-04-12,0.6784,-0.0499,0.045700000000000005,0.6784,0.6784
2007-04-13,0.684,-0.0195,0.0487,0.684,0.684
2007-04-14,0.6902,0.0181,0.0636,0.6902,0.6902
2007-04-15,0.6981,0.0403,0.09000000000000001,0.6981,0.6981
2007-04-16,0.7051000000000001,0.0745,0.1005,0.7051000000000001,0.7051000000000001
2007-04-17,0.7103,0.1188,0.1287,0.7103,0.7103
2007-04-18,0.7175,0.1356,0.12760000000000002,0.7175,0.7175
2007-04-19,0.7251000000000001,0.1628,0.1338,0.7251000000000001,0.7251000000000001
2007-04-20,0.7355,0.1736,0.1494,0.7355,0.7355
2007-04-21,0.7418,0.1914,0.1645,0.7418,0.7418
2007-04-22,0.7522000000000001,0.2013,0.185,0.7522000000000001,0.7522000000000001
2007-04-23,0.7602,0.198,0.193,0.7602,0.7602
2007-04-24,0.7709999999999999,0.1824,0.2122,0.7709999999999999,0.7709999999999999
2007-04-25,0.7815000000000001,0.1681,0.2265,0.7815000000000001,0.7815000000000001
2007-04-26,0.7933,0.1467,0.2438,0.7933,0.7933
2007-04-27,0.8068000000000001,0.1227,0.2631,0.8068000000000001,0.8068000000000001
2007-04-28,0.8186,0.0872,0.2747,0.8186,0.8186
2007-04-29,0.8310000000000001,0.0544,0.28150000000000003,0.8310000000000001,0.8310000000000001
2007-04-30,0.8424,-0.0025,0.29350000000000004,0.8424,0.8424
2007-05-01,0.8549,-0.0397,0.2722,0.8549,0.8549
2007-05-02,0.8648,-0.0748,0.2487,0.8648,0.8648
2007-05-03,0.8763000000000001,-0.1189,0.2396,0.8763000000000001,0.8763000000000001
2007-05-04,0.8851,-0.157,0.21899999999999997,0.8851,0.8851
2007-05-05,0.8925000000000001,-0.1936,0.1933,0.8925000000000001,0.8925000000000001
2007-05-06,0.899,-0.23399999999999999,0.1695,0.899,0.899
2007-05-07,0.8991,-0.26130000000000003,0.13870000000000002,0.8991,0.8991
2007-05-08,0.8999,-0.2898,0.1111,0.8999,0.8999
2007-05-09,0.9007000000000001,-0.3272,0.0795,0.9007000000000001,0.9007000000000001
2007-05-10,0.8986000000000001,-0.3463,0.0514,0.8986000000000001,0.8986000000000001
2007-05-11,0.8977,-0.35860000000000003,0.030500000000000006,0.8977,0.8977
2007-05-12,0.8925000000000001,-0.3842,0.005,0.8925000000000001,0.8925000000000001
2007-05-13,0.8859999999999999,-0.3979,-0.0104,0.8859999999999999,0.8859999999999999
2007-05-14,0.8765000000000001,-0.4149000000000001,-0.0329,0.8765000000000001,0.8765000000000001
2007-05-15,0.8681000000000001,-0.4265000000000001,-0.040400000000000005,0.8681000000000001,0.8681000000000001
2007-05-16,0.8569,-0.4335,-0.0712,0.8569,0.8569
2007-05-17,0.8466,-0.446,-0.08950000000000001,0.8466,0.8466
2007-05-18,0.8355,-0.4548,-0.1078,0.8355,0.8355
2007-05-19,0.8265,-0.4727,-0.1158,0.8265,0.8265
2007-05-20,0.8148000000000001,-0.4703,-0.1161,-100.0,0.8148000000000001
2007-05-21,0.8043,-0.4863,-0.1115,-100.0,0.8043
2007-05-22,0.7951,-0.4652,-0.0981,-100.0,0.7951
2007-05-23,0.7859,-0.4554,-0.1037,-100.0,0.7859
2007-05-24,0.7781,-0.4562,-0.1069,-100.0,0.7781
2007-05-25,0.7709,-0.4543,-0.1231,-100.0,0.7709
2007-05-26,0.7628,-0.4376,-0.1223,-100.0,0.7628
2007-05-27,0.7588,-0.4431,-0.1028,-100.0,0.7588
2007-05-28,0.7542,-0.43,-0.103,-100.0,0.7542
2007-05-29,0.7512000000000001,-0.4138,-0.0889,-100.0,0.7512000000000001
2007-05-30,0.7493000000000001,-0.3955,-0.0829,-100.0,0.7493000000000001
2007-05-31,0.7481,-0.3669,-0.0811,-100.0,0.7481
2007-06-01,0.7491,-0.362,-0.06570000000000001,-100.0,0.7491
2007-06-02,0.7466,-0.3272,-0.0567,-100.0,0.7466
2007-06-03,0.7461,-0.29510000000000003,-0.0534,-100.0,0.7461
2007-06-04,0.7449,-0.2659,-0.032600000000000004,-100.0,0.7449
2007-06-05,0.7451,-0.2429,-0.03,-100.0,0.7451
2007-06-06,0.7436,-0.2236,-0.0196,-100.0,0.7436
2007-06-07,0.7422000000000001,-0.1991,-0.0219,-100.0,0.7422000000000001
2007-06-08,0.7424000000000001,-0.1944,-0.020800000000000003,-100.0,0.7424000000000001
2007-06-09,0.741,-0.1678,-0.0091,-100.0,0.741
2007-06-10,0.738,-0.1724,-0.0032,-100.0,0.738
2007-06-11,0.7358,-0.1683,0.0086,-100.0,0.7358
2007-06-12,0.7359,-0.16920000000000002,0.0115,-100.0,0.7359
2007-06-13,0.7348,-0.16899999999999998,0.0164,-100.0,0.7348
2007-06-14,0.7331000000000001,-0.1656,0.0189,-100.0,0.7331000000000001
2007-06-15,0.7328,-0.16290000000000002,0.0097,-100.0,0.7328
2007-06-16,0.7299,-0.1598,0.0072000000000000015,-100.0,0.7299
2007-06-17,0.7283000000000001,-0.14880000000000002,0.0022,-100.0,0.7283000000000001
2007-06-18,0.7262000000000001,-0.1384,-0.0021000000000000003,-100.0,0.7262000000000001
2007-06-19,0.7252000000000001,-0.1352,-0.0067,-100.0,0.7252000000000001
2007-06-20,0.7201000000000001,-0.1149,-0.0145,-100.0,0.7201000000000001
2007-06-21,0.7176,-0.1022,-0.0166,-100.0,0.7176
2007-06-22,0.7179,-0.09699999999999999,-0.0165,-100.0,0.7179
2007-06-23,0.7163,-0.0912,-0.0224,-100.0,0.7163
2007-06-24,0.7139,-0.08360000000000001,-0.0203,-100.0,0.7139
2007-06-25,0.7119000000000001,-0.0631,-0.03,-100.0,0.7119000000000001
2007-06-26,0.7101000000000001,-0.0407,-0.0229,-100.0,0.7101000000000001
2007-06-27,0.7089000000000001,-0.0269,-0.0116,-100.0,0.7089000000000001
2007-06-28,0.7102,-0.0082,-0.0109,-100.0,0.7102
2007-06-29,0.7098,-0.0006000000000000001,-0.0113,-100.0,0.7098
2007-06-30,0.7101000000000001,0.0129,-0.0117,-100.0,0.7101000000000001
2007-07-01,0.7118,0.0247,-0.0015,-100.0,0.7118
2007-07-02,0.7123,0.006999999999999999,-0.0024,-100.0,0.7123
2007-07-03,0.7143,-0.0064,0.002,-100.0,0.7143
2007-07-04,0.7158,-0.0106,-0.0116,-100.0,0.7158
2007-07-05,0.7159,-0.0153,-0.0136,-100.0,0.7159
2007-07-06,0.7145,-0.0325,-0.0176,-100.0,0.7145
2007-07-07,0.7172000000000001,-0.0369,-0.0241,-100.0,0.7172000000000001
2007-07-08,0.7163,-0.0318,-0.0239,-100.0,0.7163
2007-07-09,0.7176,-0.0312,-0.024800000000000003,-100.0,0.7176
2007-07-10,0.7187,-0.0388,-0.0357,-100.0,0.7187
2007-07-11,0.7172000000000001,-0.0375,-0.031900000000000005,-100.0,0.7172000000000001
2007-07-12,0.7174,-0.0339,-0.0346,-100.0,0.7174
2007-07-13,0.7163,-0.039,-0.0324,-100.0,0.7163
2007-07-14,0.7164,-0.038,-0.0275,-100.0,0.7164
2007-07-15,0.7167,-0.0263,-0.0228,-100.0,0.7167
2007-07-16,0.7173,-0.0171,-0.0256,-100.0,0.7173
2007-07-17,0.7172000000000001,-0.0038,-0.0233,-100.0,0.7172000000000001
2007-07-18,0.7169,0.0151,-0.0332,-100.0,0.7169
2007-07-19,0.7175,0.025,-0.0241,-100.0,0.7175
2007-07-20,0.7183,0.0385,-0.026500000000000003,-100.0,0.7183
2007-07-21,0.7198,0.0469,-0.0131,-100.0,0.7198
2007-07-22,0.7202000000000001,0.0663,-0.0096,-100.0,0.7202000000000001
2007-07-23,0.7226,0.0873,0.004200000000000001,-100.0,0.7226
2007-07-24,0.7257,0.0941,0.0091,-100.0,0.7257
2007-07-25,0.7281000000000001,0.1005,0.0005,-100.0,0.7281000000000001
2007-07-26,0.731,0.1018,-0.0006000000000000001,-100.0,0.731
2007-07-27,0.7333000000000001,0.0921,0.0045000000000000005,-100.0,0.7333000000000001
2007-07-28,0.7361000000000001,0.0981,0.0013000000000000002,-100.0,0.7361000000000001
2007-07-29,0.7417,0.0991,-0.0061,-100.0,0.7417
2007-07-30,0.7437,0.0989,-0.019,-100.0,0.7437
2007-07-31,0.7451,0.0933,-0.0171,-100.0,0.7451
2007-08-01,0.7463000000000001,0.0903,-0.0207,-100.0,0.7463000000000001
2007-08-02,0.7455,0.094,-0.0221,-100.0,0.7455
2007-08-03,0.7461,0.1009,-0.0216,-100.0,0.7461
2007-08-04,0.7459,0.1027,-0.0209,-100.0,0.7459
2007-08-05,0.7444000000000001,0.114,-0.0219,-100.0,0.7444000000000001
2007-08-06,0.7422000000000001,0.1258,-0.0164,-100.0,0.7422000000000001
2007-08-07,0.7398,0.1333,-0.0104,-100.0,0.7398
2007-08-08,0.7409,0.1403,-0.0015,-100.0,0.7409
2007-08-09,0.7383000000000001,0.1478,0.006900000000000001,-100.0,0.7383000000000001
2007-08-10,0.7376,0.16160000000000002,0.004,-100.0,0.7376
2007-08-11,0.7339,0.1776,0.0036000000000000008,-100.0,0.7339
2007-08-12,0.7317,0.1968,0.0037,-100.0,0.7317
2007-08-13,0.7267,0.2195,0.0131,-100.0,0.7267
2007-08-14,0.7228,0.2349,0.0093,-100.0,0.7228
2007-08-15,0.7216,0.2431,0.0161,-100.0,0.7216
2007-08-16,0.7185,0.25830000000000003,0.0216,-100.0,0.7185
2007-08-17,0.7165,0.2674,0.0346,-100.0,0.7165
2007-08-18,0.7142000000000001,0.26180000000000003,0.042100000000000005,-100.0,0.7142000000000001
2007-08-19,0.7142000000000001,0.2696,0.0463,-100.0,0.7142000000000001
2007-08-20,0.7145,0.27340000000000003,0.0422,-100.0,0.7145
2007-08-21,0.7154,0.2777,0.0405,-100.0,0.7154
2007-08-22,0.7162000000000001,0.2897,0.020200000000000003,-100.0,0.7162000000000001
2007-08-23,0.7156,0.2987,0.0047,-100.0,0.7156
2007-08-24,0.7159,0.3014,-0.0024,-100.0,0.7159
2007-08-25,0.7150000000000001,0.3173,-0.0183,-100.0,0.7150000000000001
2007-08-26,0.7130000000000001,0.3346,-0.0327,-100.0,0.7130000000000001
2007-08-27,0.7119000000000001,0.3412,-0.0412,-100.0,0.7119000000000001
2007-08-28,0.7116,0.34750000000000003,-0.0495,-100.0,0.7116
2007-08-29,0.7126,0.3629,-0.055900000000000005,-100.0,0.7126
2007-08-30,0.7108,0.3663,-0.0631,-100.0,0.7108
2007-08-31,0.7085,0.3758,-0.07100000000000001,-100.0,0.7085
2007-09-01,0.7068,0.3709,-0.0872,-100.0,0.7068
2007-09-02,0.7047,0.37799999999999995,-0.1008,-100.0,0.7047
2007-09-03,0.7046,0.3814,-0.1031,-100.0,0.7046
2007-09-04,0.7073,0.3882000000000001,-0.1117,-100.0,0.7073
2007-09-05,0.7093,0.3997,-0.0996,-100.0,0.7093
2007-09-06,0.7121000000000001,0.4084,-0.0848,-100.0,0.7121000000000001
2007-09-07,0.7145,0.4206,-0.0824,-100.0,0.7145
2007-09-08,0.7175,0.4071,-0.0848,-100.0,0.7175
2007-09-09,0.7184,0.4167,-0.0891,-100.0,0.7184
2007-09-10,0.7221000000000001,0.4077,-0.0916,-100.0,0.7221000000000001
2007-09-11,0.7231000000000001,0.4072,-0.0969,-100.0,0.7231000000000001
2007-09-12,0.7244,0.4031,-0.0985,-100.0,0.7244
2007-09-13,0.7261000000000001,0.3908,-0.1025,-100.0,0.7261000000000001
2007-09-14,0.7273000000000001,0.3687,-0.1207,-100.0,0.7273000000000001
2007-09-15,0.7257,0.3699,-0.12940000000000002,-100.0,0.7257
2007-09-16,0.7237,0.35910000000000003,-0.1486,-100.0,0.7237
2007-09-17,0.7240000000000001,0.3593,-0.16,-100.0,0.7240000000000001
2007-09-18,0.7220000000000001,0.3607,-0.16770000000000002,-100.0,0.7220000000000001
2007-09-19,0.7183,0.3639,-0.15660000000000002,-100.0,0.7183
2007-09-20,0.7150000000000001,0.3617,-0.162,-100.0,0.7150000000000001
2007-09-21,0.7143,0.35860000000000003,-0.1618,-100.0,0.7143
2007-09-22,0.7074,0.373,-0.171,-100.0,0.7074
2007-09-23,0.7063,0.3853,-0.1658,-100.0,0.7063
2007-09-24,0.6982,0.4049,-0.1627,-100.0,0.6982
2007-09-25,0.6987,0.4089,-0.1467,-100.0,0.6987
2007-09-26,0.6946,0.4385,-0.1511,-100.0,0.6946
2007-09-27,0.6905,0.4382,-0.1411,-100.0,0.6905
2007-09-28,0.6836,0.4589,-0.129,-100.0,0.6836
2007-09-29,0.6796,0.4656,-0.128,-100.0,0.6796
2007-09-30,0.6759000000000001,0.4732,-0.12,-100.0,0.6759000000000001
2007-10-01,0.6715,0.4682,-0.1285,-100.0,0.6715
2007-10-02,0.6669,0.4721,-0.1141,-100.0,0.6669
2007-10-03,0.6637000000000001,0.4651,-0.091,-100.0,0.6637000000000001
2007-10-04,0.6608,0.4508,-0.07350000000000001,-100.0,0.6608
2007-10-05,0.6554,0.4432,-0.0533,-100.0,0.6554
2007-10-06,0.6521,0.4325,-0.0403,-100.0,0.6521
2007-10-07,0.6474000000000001,0.4312,-0.0468,-100.0,0.6474000000000001
2007-10-08,0.6472,0.4078,-0.0373,-100.0,0.6472
2007-10-09,0.6408,0.3783,-0.0222,-100.0,0.6408
2007-10-10,0.6418,0.3552,0.0017,-100.0,0.6418
2007-10-11,0.6399,0.3335,0.0128,-100.0,0.6399
2007-10-12,0.637,0.3184,0.030500000000000006,-100.0,0.637
2007-10-13,0.6332,0.2911,0.045700000000000005,-100.0,0.6332
2007-10-14,0.633,0.2752,0.0463,-100.0,0.633
2007-10-15,0.6293000000000001,0.2486,0.051800000000000006,-100.0,0.6293000000000001
2007-10-16,0.6271,0.2209,0.0575,-100.0,0.6271
2007-10-17,0.6257,0.1982,0.05860000000000001,-100.0,0.6257
2007-10-18,0.622,0.1855,0.057,-100.0,0.622
2007-10-19,0.6174000000000001,0.16790000000000002,0.0359,-100.0,0.6174000000000001
2007-10-20,0.6123000000000001,0.1595,0.0296,-100.0,0.6123000000000001
2007-10-21,0.6078,0.1602,0.0214,-100.0,0.6078
2007-10-22,0.6027,0.1602,0.0119,-100.0,0.6027
2007-10-23,0.598,0.1749,0.0088,-100.0,0.598
2007-10-24,0.5953,0.1866,0.016800000000000002,-100.0,0.5953
2007-10-25,0.5903,0.2241,-0.0036000000000000008,-100.0,0.5903
2007-10-26,0.5859,0.252,-0.0107,-100.0,0.5859
2007-10-27,0.5796,0.2785,-0.0256,-100.0,0.5796
2007-10-28,0.5750000000000001,0.28140000000000004,-0.0249,-100.0,0.5750000000000001
2007-10-29,0.5688,0.305,-0.0131,-100.0,0.5688
2007-10-30,0.5656,0.3231,-0.006,-100.0,0.5656
2007-10-31,0.5599000000000001,0.3252,-0.0166,-100.0,0.5599000000000001
2007-11-01,0.5565,0.3326,-0.008400000000000001,-100.0,0.5565
2007-11-02,0.5527000000000001,0.3386,0.0054,-100.0,0.5527000000000001
2007-11-03,0.547,0.32130000000000003,0.0221,-100.0,0.547
2007-11-04,0.5436,0.3133,0.033,-100.0,0.5436
2007-11-05,0.5422,0.2816,0.041100000000000005,-100.0,0.5422
2007-11-06,0.539,0.2716,0.0316,-100.0,0.539
2007-11-07,0.5405,0.2295,0.042800000000000005,-100.0,0.5405
2007-11-08,0.5396000000000001,0.2319,0.0477,-100.0,0.5396000000000001
2007-11-09,0.5366000000000001,0.2149,0.0507,-100.0,0.5366000000000001
2007-11-10,0.5344,0.2096,0.0575,-100.0,0.5344
2007-11-11,0.5313,0.188,0.0653,-100.0,0.5313
2007-11-12,0.5293,0.1749,0.0756,-100.0,0.5293
2007-11-13,0.527,0.1526,0.0809,-100.0,0.527
2007-11-14,0.525,0.1341,0.0826,-100.0,0.525
2007-11-15,0.5204,0.1219,0.08660000000000001,-100.0,0.5204
2007-11-16,0.5162,0.1243,0.1037,-100.0,0.5162
2007-11-17,0.5113,0.1187,0.1067,-100.0,0.5113
2007-11-18,0.5071,0.1086,0.1164,-100.0,0.5071
2007-11-19,0.5023,0.1033,0.1301,-100.0,0.5023
2007-11-20,0.5005000000000001,0.103,0.136,-100.0,0.5005000000000001
2007-11-21,0.5005000000000001,0.0886,0.1422,-100.0,0.5005000000000001
2007-11-22,0.4977,0.0882,0.14350000000000002,-100.0,0.4977
2007-11-23,0.4950000000000001,0.08220000000000001,0.1358,-100.0,0.4950000000000001
2007-11-24,0.4906,0.08360000000000001,0.1242,-100.0,0.4906
2007-11-25,0.4896,0.0791,0.1159,-100.0,0.4896
2007-11-26,0.4881,0.0897,0.1288,-100.0,0.4881
2007-11-27,0.4863,0.0877,0.1199,-100.0,0.4863
2007-11-28,0.4879,0.0794,0.1275,-100.0,0.4879
2007-11-29,0.4895000000000001,0.0896,0.1269,-100.0,0.4895000000000001
2007-11-30,0.4942,0.0825,0.12710000000000002,-100.0,0.4942
2007-12-01,0.4934,0.0651,0.1157,-100.0,0.4934
2007-12-02,0.4981,0.0478,0.1318,-100.0,0.4981
2007-12-03,0.5022,0.0603,0.1386,-100.0,0.5022
2007-12-04,0.5086,0.0655,0.13340000000000002,-100.0,0.5086
2007-12-05,0.511,0.0497,0.1119,-100.0,0.511
2007-12-06,0.5112,0.0717,0.0805,-100.0,0.5112
2007-12-07,0.5133,0.0733,0.0666,-100.0,0.5133
2007-12-08,0.51,0.0863,0.0567,-100.0,0.51
2007-12-09,0.5101,0.0945,0.045000000000000005,-100.0,0.5101
2007-12-10,0.5105000000000001,0.1056,0.0422,-100.0,0.5105000000000001
2007-12-11,0.512,0.1155,0.041100000000000005,-100.0,0.512
2007-12-12,0.5137,0.1025,0.034300000000000004,-100.0,0.5137
2007-12-13,0.5148,0.1029,0.0368,-100.0,0.5148
2007-12-14,0.5154,0.1131,0.0427,-100.0,0.5154
2007-12-15,0.5155000000000001,0.1095,0.031900000000000005,-100.0,0.5155000000000001
2007-12-16,0.516,0.1027,0.035300000000000005,-100.0,0.516
2007-12-17,0.5153,0.1077,0.0396,-100.0,0.5153
2007-12-18,0.516,0.0964,0.044,-100.0,0.516
2007-12-19,0.5177,0.0761,0.0504,-100.0,0.5177
2007-12-20,0.5162,0.0742,0.0551,-100.0,0.5162
2007-12-21,0.5164,0.0762,0.062,-100.0,0.5164
2007-12-22,0.5165000000000001,0.0671,0.07,-100.0,0.5165000000000001
2007-12-23,0.5165000000000001,0.0716,0.064,-100.0,0.5165000000000001
2007-12-24,0.5168,0.0682,0.0752,-100.0,0.5168
2007-12-25,0.5145000000000001,0.0758,0.0786,-100.0,0.5145000000000001
2007-12-26,0.5149,0.0868,0.0811,-100.0,0.5149
2007-12-27,0.5162,0.08660000000000001,0.08510000000000001,-100.0,0.5162
2007-12-28,0.5175000000000001,0.1019,0.0937,-100.0,0.5175000000000001
2007-12-29,0.5175000000000001,0.1174,0.085,-100.0,0.5175000000000001
2007-12-30,0.5174,0.1342,0.08710000000000001,-100.0,0.5174
2007-12-31,0.5216000000000001,0.1379,0.0872,-100.0,0.5216000000000001
2008-01-01,0.5252,0.15610000000000002,0.0916,-100.0,0.5252
2008-01-02,0.529,0.15560000000000002,0.0948,-100.0,0.529
2008-01-03,0.5301,0.1511,0.08600000000000001,-100.0,0.5301
2008-01-04,0.535,0.13440000000000002,0.0825,-100.0,0.535
2008-01-05,0.5361,0.1255,0.07390000000000001,-100.0,0.5361
2008-01-06,0.5383,0.1212,0.0553,-100.0,0.5383
2008-01-07,0.5388000000000001,0.1161,0.0566,-100.0,0.5388000000000001
2008-01-08,0.5386000000000001,0.115,0.0476,-100.0,0.5386000000000001
2008-01-09,0.54,0.1033,0.0561,-100.0,0.54
2008-01-10,0.54,0.0999,0.0562,-100.0,0.54
2008-01-11,0.5397000000000001,0.0896,0.057,-100.0,0.5397000000000001
2008-01-12,0.539,0.0784,0.0587,-100.0,0.539
2008-01-13,0.5375,0.0619,0.06050000000000001,-100.0,0.5375
2008-01-14,0.5366000000000001,0.046700000000000005,0.07590000000000001,-100.0,0.5366000000000001
2008-01-15,0.5365,0.0461,0.07830000000000001,-100.0,0.5365
2008-01-16,0.5359,0.0439,0.08170000000000001,-100.0,0.5359
2008-01-17,0.5359,0.0616,0.08,-100.0,0.5359
2008-01-18,0.5337000000000001,0.0688,0.0772,-100.0,0.5337000000000001
2008-01-19,0.5327000000000001,0.0756,0.0845,-100.0,0.5327000000000001
2008-01-20,0.5304,0.0945,0.067,-100.0,0.5304
2008-01-21,0.5285000000000001,0.1021,0.06470000000000001,-100.0,0.5285000000000001
2008-01-22,0.5324,0.1222,0.0555,-100.0,0.5324
2008-01-23,0.5323,0.119,0.0408,-100.0,0.5323
2008-01-24,0.5307000000000001,0.118,0.0444,-100.0,0.5307000000000001
2008-01-25,0.5301,0.1046,0.0389,-100.0,0.5301
2008-01-26,0.5321,0.104,0.031900000000000005,-100.0,0.5321
2008-01-27,0.5328,0.0848,0.040400000000000005,-100.0,0.5328
2008-01-28,0.5336000000000001,0.083,0.0422,-100.0,0.5336000000000001
2008-01-29,0.5354,0.085,0.0345,-100.0,0.5354
2008-01-30,0.5356000000000001,0.0742,0.0313,-100.0,0.5356000000000001
2008-01-31,0.5371,0.0756,0.0349,-100.0,0.5371
2008-02-01,0.5379,0.06910000000000001,0.0375,-100.0,0.5379
2008-02-02,0.5414,0.0523,0.040400000000000005,-100.0,0.5414
2008-02-03,0.5421,0.0555,0.0412,-100.0,0.5421
2008-02-04,0.5443,0.0493,0.041100000000000005,-100.0,0.5443
2008-02-05,0.5454,0.0378,0.0503,-100.0,0.5454
2008-02-06,0.5472,0.029400000000000006,0.0565,-100.0,0.5472
2008-02-07,0.5479999999999999,0.0209,0.0644,-100.0,0.5479999999999999
2008-02-08,0.5484,0.0256,0.062,-100.0,0.5484
2008-02-09,0.5516,0.0232,0.06330000000000001,-100.0,0.5516
2008-02-10,0.5541,0.0023,0.0659,-100.0,0.5541
2008-02-11,0.5583,-0.0073,0.0648,-100.0,0.5583
2008-02-12,0.5594,0.0035,0.06220000000000001,-100.0,0.5594
2008-02-13,0.56,-0.0091,0.0641,-100.0,0.56
2008-02-14,0.5632,-0.0226,0.05930000000000001,-100.0,0.5632
2008-02-15,0.5645,-0.0376,0.0582,-100.0,0.5645
2008-02-16,0.5662,-0.047400000000000005,0.0589,-100.0,0.5662
2008-02-17,0.5681,-0.0503,0.07200000000000001,-100.0,0.5681
2008-02-18,0.5706,-0.0614,0.0839,-100.0,0.5706
2008-02-19,0.5726,-0.0679,0.0946,-100.0,0.5726
2008-02-20,0.5755,-0.07730000000000001,0.1041,-100.0,0.5755
2008-02-21,0.5793,-0.08850000000000001,0.1079,-100.0,0.5793
2008-02-22,0.5858,-0.0987,0.1196,-100.0,0.5858
2008-02-23,0.5929,-0.0916,0.13670000000000002,-100.0,0.5929
2008-02-24,0.5982000000000001,-0.0919,0.1574,-100.0,0.5982000000000001
2008-02-25,0.6005,-0.0829,0.1602,-100.0,0.6005
2008-02-26,0.601,-0.0796,0.1783,-100.0,0.601
2008-02-27,0.6049,-0.0916,0.1872,-100.0,0.6049
2008-02-28,0.6071000000000001,-0.0855,0.1892,-100.0,0.6071000000000001
2008-02-29,0.6085,-0.0835,0.1895,-100.0,0.6085
2008-03-01,0.612,-0.1,0.1993,-100.0,0.612
2008-03-02,0.614,-0.1039,0.1985,-100.0,0.614
2008-03-03,0.615,-0.1026,0.1909,-100.0,0.615
2008-03-04,0.6161,-0.10800000000000001,0.1944,-100.0,0.6161
2008-03-05,0.6196,-0.1191,0.187,-100.0,0.6196
2008-03-06,0.6213000000000001,-0.1189,0.1845,-100.0,0.6213000000000001
2008-03-07,0.6239,-0.1197,0.1838,-100.0,0.6239
2008-03-08,0.627,-0.1443,0.1711,-100.0,0.627
2008-03-09,0.6288,-0.16390000000000002,0.1541,-100.0,0.6288
2008-03-10,0.6306,-0.1916,0.1567,-100.0,0.6306
2008-03-11,0.6334000000000001,-0.2177,0.1462,-100.0,0.6334000000000001
2008-03-12,0.634,-0.2476,0.1278,-100.0,0.634
2008-03-13,0.634,-0.26730000000000004,0.1153,-100.0,0.634
2008-03-14,0.6324000000000001,-0.2888,0.107,-100.0,0.6324000000000001
2008-03-15,0.6382,-0.31420000000000003,0.1021,-100.0,0.6382
2008-03-16,0.6379,-0.3393,0.0911,-100.0,0.6379
2008-03-17,0.6404000000000001,-0.3598,0.0801,-100.0,0.6404000000000001
2008-03-18,0.6393,-0.3692,0.0623,-100.0,0.6393
2008-03-19,0.6389,-0.3997,0.052000000000000005,-100.0,0.6389
2008-03-20,0.6388,-0.4077,0.030500000000000006,-100.0,0.6388
2008-03-21,0.6363,-0.4125,0.0063,-100.0,0.6363
2008-03-22,0.6354000000000001,-0.4354,-0.0089,-100.0,0.6354000000000001
2008-03-23,0.6335000000000001,-0.4377,-0.0261,-100.0,0.6335000000000001
2008-03-24,0.6319,-0.4413,-0.0156,-100.0,0.6319
2008-03-25,0.6283000000000001,-0.436,-0.025900000000000003,-100.0,0.6283000000000001
2008-03-26,0.6248,-0.4362,-0.0334,-100.0,0.6248
2008-03-27,0.6216,-0.4245,-0.0327,-100.0,0.6216
2008-03-28,0.6193000000000001,-0.4224,-0.0592,-100.0,0.6193000000000001
2008-03-29,0.6165,-0.4199,-0.06280000000000001,-100.0,0.6165
2008-03-30,0.6123000000000001,-0.407,-0.0656,-100.0,0.6123000000000001
2008-03-31,0.6075,-0.4003,-0.0738,-100.0,0.6075
2008-04-01,0.6025,-0.3959,-0.0616,-100.0,0.6025
2008-04-02,0.6012000000000001,-0.3731,-0.0675,-100.0,0.6012000000000001
2008-04-03,0.5999,-0.3674,-0.0697,-100.0,0.5999
2008-04-04,0.5979,-0.3517,-0.05880000000000001,-100.0,0.5979
2008-04-05,0.5974,-0.33630000000000004,-0.0483,-100.0,0.5974
2008-04-06,0.5948,-0.326,-0.0222,-100.0,0.5948
2008-04-07,0.5963,-0.29910000000000003,-0.0055000000000000005,-100.0,0.5963
2008-04-08,0.5956,-0.25680000000000003,0.0212,-100.0,0.5956
2008-04-09,0.5958,-0.2319,0.0577,-100.0,0.5958
2008-04-10,0.5985,-0.2059,0.0903,-100.0,0.5985
2008-04-11,0.6008,-0.1943,0.13140000000000002,-100.0,0.6008
2008-04-12,0.6038,-0.16110000000000002,0.1902,-100.0,0.6038
2008-04-13,0.6115,-0.1345,0.2459,-100.0,0.6115
2008-04-14,0.6213000000000001,-0.1282,0.2844,-100.0,0.6213000000000001
2008-04-15,0.634,-0.1221,0.3456,-100.0,0.634
2008-04-16,0.6489,-0.0929,0.3913,-100.0,0.6489
2008-04-17,0.6668000000000001,-0.0971,0.4411000000000001,-100.0,0.6668000000000001
2008-04-18,0.6797000000000001,-0.07970000000000001,0.4747,-100.0,0.6797000000000001
2008-04-19,0.7009000000000001,-0.0903,0.5109,-100.0,0.7009000000000001
2008-04-20,0.7256,-0.08650000000000001,0.5311,-100.0,0.7256
2008-04-21,0.747,-0.0944,0.5414,-100.0,0.747
2008-04-22,0.7689,-0.1028,0.5341,-100.0,0.7689
2008-04-23,0.7908000000000001,-0.0942,0.5247,-100.0,0.7908000000000001
2008-04-24,0.8130000000000001,-0.123,0.4929,-100.0,0.8130000000000001
2008-04-25,0.8314,-0.12560000000000002,0.4543,-100.0,0.8314
2008-04-26,0.8522000000000001,-0.1383,0.4194,-100.0,0.8522000000000001
2008-04-27,0.8685,-0.1511,0.3745,-100.0,0.8685
2008-04-28,0.8816,-0.1524,0.3266,-100.0,0.8816
2008-04-29,0.8914000000000001,-0.1457,0.2723,-100.0,0.8914000000000001
2008-04-30,0.899,-0.15180000000000002,0.2023,-100.0,0.899
2008-05-01,0.9052,-0.1598,0.1348,-100.0,0.9052
2008-05-02,0.9111,-0.1813,0.0651,-100.0,0.9111
2008-05-03,0.9131,-0.17850000000000002,0.0048,-100.0,0.9131
2008-05-04,0.9094,-0.1834,-0.0296,-100.0,0.9094
2008-05-05,0.9039,-0.1931,-0.0981,-100.0,0.9039
2008-05-06,0.8958,-0.1922,-0.1396,-100.0,0.8958
2008-05-07,0.8882,-0.2117,-0.1874,-100.0,0.8882
2008-05-08,0.8754000000000001,-0.2154,-0.2351,-100.0,0.8754000000000001
2008-05-09,0.8676,-0.2416,-0.2933,-100.0,0.8676
2008-05-10,0.8556,-0.2495,-0.31930000000000003,-100.0,0.8556
2008-05-11,0.8415,-0.251,-0.3431,-100.0,0.8415
2008-05-12,0.8242,-0.2515,-0.3503,-100.0,0.8242
2008-05-13,0.8114,-0.2468,-0.3504,-100.0,0.8114
2008-05-14,0.8001,-0.2417,-0.365,0.8001,0.8001
2008-05-15,0.7877000000000001,-0.2492,-0.34600000000000003,0.7877000000000001,0.7877000000000001
2008-05-16,0.7761,-0.2466,-0.3346,0.7761,0.7761
2008-05-17,0.7633000000000001,-0.2346,-0.30610000000000004,0.7633000000000001,0.7633000000000001
2008-05-18,0.7544000000000001,-0.2329,-0.2811,0.7544000000000001,0.7544000000000001
2008-05-19,0.7440000000000001,-0.2244,-0.2526,0.7440000000000001,0.7440000000000001
2008-05-20,0.7361000000000001,-0.2274,-0.2374,0.7361000000000001,0.7361000000000001
2008-05-21,0.7281000000000001,-0.2131,-0.2048,0.7281000000000001,0.7281000000000001
2008-05-22,0.7200000000000001,-0.2149,-0.1895,0.7200000000000001,0.7200000000000001
2008-05-23,0.7161000000000001,-0.2154,-0.16899999999999998,0.7161000000000001,0.7161000000000001
2008-05-24,0.7094,-0.2026,-0.1574,0.7094,0.7094
2008-05-25,0.7033,-0.1988,-0.14250000000000002,0.7033,0.7033
2008-05-26,0.7001000000000001,-0.1953,-0.1213,0.7001000000000001,0.7001000000000001
2008-05-27,0.6961,-0.1866,-0.1079,0.6961,0.6961
2008-05-28,0.6906,-0.1793,-0.0958,0.6906,0.6906
2008-05-29,0.6880000000000001,-0.17900000000000002,-0.0813,0.6880000000000001,0.6880000000000001
2008-05-30,0.6823,-0.1753,-0.0901,0.6823,0.6823
2008-05-31,0.6754,-0.1694,-0.0901,0.6754,0.6754
2008-06-01,0.6715,-0.1569,-0.0911,0.6715,0.6715
2008-06-02,0.6649,-0.1718,-0.0819,0.6649,0.6649
2008-06-03,0.6579999999999999,-0.16590000000000002,-0.08510000000000001,0.6579999999999999,0.6579999999999999
2008-06-04,0.6509,-0.16190000000000002,-0.0937,0.6509,0.6509
2008-06-05,0.6459,-0.1565,-0.0958,0.6459,0.6459
2008-06-06,0.6405000000000001,-0.1558,-0.0978,0.6405000000000001,0.6405000000000001
2008-06-07,0.6367,-0.1625,-0.1052,0.6367,0.6367
2008-06-08,0.6336,-0.1646,-0.0951,0.6336,0.6336
2008-06-09,0.6317,-0.16920000000000002,-0.0998,0.6317,0.6317
2008-06-10,0.6282,-0.1723,-0.1018,0.6282,0.6282
2008-06-11,0.6264000000000001,-0.1728,-0.1033,0.6264000000000001,0.6264000000000001
2008-06-12,0.6245,-0.1952,-0.1158,0.6245,0.6245
2008-06-13,0.6241,-0.1879,-0.1082,0.6241,0.6241
2008-06-14,0.6236,-0.2106,-0.1096,0.6236,0.6236
2008-06-15,0.6203000000000001,-0.2159,-0.1155,0.6203000000000001,0.6203000000000001
2008-06-16,0.6196,-0.2221,-0.1148,0.6196,0.6196
2008-06-17,0.6186,-0.2108,-0.1137,0.6186,0.6186
2008-06-18,0.6194000000000001,-0.2032,-0.1054,0.6194000000000001,0.6194000000000001
2008-06-19,0.6181,-0.1969,-0.1101,0.6181,0.6181
2008-06-20,0.6167,-0.1958,-0.1181,0.6167,0.6167
2008-06-21,0.6139,-0.1714,-0.1166,0.6139,0.6139
2008-06-22,0.6129,-0.1615,-0.1155,0.6129,0.6129
2008-06-23,0.6092000000000001,-0.1353,-0.1211,0.6092000000000001,0.6092000000000001
2008-06-24,0.6078,-0.1169,-0.1207,0.6078,0.6078
2008-06-25,0.6071000000000001,-0.0992,-0.1199,0.6071000000000001,0.6071000000000001
2008-06-26,0.6042000000000001,-0.0747,-0.1117,0.6042000000000001,0.6042000000000001
2008-06-27,0.603,-0.0621,-0.1051,0.603,0.603
2008-06-28,0.6095,-0.0494,-0.0777,0.6095,0.6095
2008-06-29,0.6102000000000001,-0.0413,-0.084,0.6102000000000001,0.6102000000000001
2008-06-30,0.6114,-0.0252,-0.07680000000000001,0.6114,0.6114
2008-07-01,0.6115,-0.0179,-0.0834,0.6115,0.6115
2008-07-02,0.6119,0.016,-0.0844,0.6119,0.6119
2008-07-03,0.6137,0.018500000000000003,-0.0626,0.6137,0.6137
2008-07-04,0.6142000000000001,0.044,-0.0624,0.6142000000000001,0.6142000000000001
2008-07-05,0.6125,0.051300000000000005,-0.0429,0.6125,0.6125
2008-07-06,0.6115,0.0607,-0.043,0.6115,0.6115
2008-07-07,0.6102000000000001,0.0634,-0.028999999999999998,0.6102000000000001,0.6102000000000001
2008-07-08,0.609,0.0748,-0.0152,0.609,0.609
2008-07-09,0.6075,0.0825,-0.0102,0.6075,0.6075
2008-07-10,0.6068,0.099,0.0104,0.6068,0.6068
2008-07-11,0.608,0.1006,0.0263,0.608,0.608
2008-07-12,0.6089,0.0905,0.0409,0.6089,0.6089
2008-07-13,0.6118,0.0965,0.0509,0.6118,0.6118
2008-07-14,0.6112000000000001,0.1047,0.0573,0.6112000000000001,0.6112000000000001
2008-07-15,0.6103000000000001,0.1114,0.0631,0.6103000000000001,0.6103000000000001
2008-07-16,0.6129,0.1074,0.0663,0.6129,0.6129
2008-07-17,0.6131,0.1163,0.0594,0.6131,0.6131
2008-07-18,0.6135,0.1104,0.0572,0.6135,0.6135
2008-07-19,0.6154000000000001,0.1056,0.0514,0.6154000000000001,0.6154000000000001
2008-07-20,0.6142000000000001,0.0886,0.0378,0.6142000000000001,0.6142000000000001
2008-07-21,0.6142000000000001,0.08020000000000001,0.031900000000000005,0.6142000000000001,0.6142000000000001
2008-07-22,0.616,0.1019,0.0289,0.616,0.616
2008-07-23,0.6141,0.0942,0.028800000000000006,0.6141,0.6141
2008-07-24,0.6159,0.0959,0.0012,0.6159,0.6159
2008-07-25,0.6175,0.0868,-0.0155,0.6175,0.6175
2008-07-26,0.6186,0.0883,-0.0119,0.6186,0.6186
2008-07-27,0.6201,0.0938,-0.0123,0.6201,0.6201
2008-07-28,0.6184000000000001,0.0889,-0.0173,0.6184000000000001,0.6184000000000001
2008-07-29,0.6184000000000001,0.0898,-0.0407,0.6184000000000001,0.6184000000000001
2008-07-30,0.6173000000000001,0.095,-0.0465,0.6173000000000001,0.6173000000000001
2008-07-31,0.6205,0.11199999999999999,-0.0424,0.6205,0.6205
2008-08-01,0.6184000000000001,0.1126,-0.0347,0.6184000000000001,0.6184000000000001
2008-08-02,0.6176,0.1312,-0.029400000000000006,0.6176,0.6176
2008-08-03,0.6192000000000001,0.1106,-0.006500000000000001,0.6192000000000001,0.6192000000000001
2008-08-04,0.6202000000000001,0.1007,-0.0109,0.6202000000000001,0.6202000000000001
2008-08-05,0.6231,0.1087,-0.0111,0.6231,0.6231
2008-08-06,0.6254000000000001,0.0863,-0.0021000000000000003,0.6254000000000001,0.6254000000000001
2008-08-07,0.6265000000000001,0.0727,-0.0118,0.6265000000000001,0.6265000000000001
2008-08-08,0.6294000000000001,0.0666,-0.013800000000000002,0.6294000000000001,0.6294000000000001
2008-08-09,0.6273000000000001,0.057,-0.0439,0.6273000000000001,0.6273000000000001
2008-08-10,0.6284000000000001,0.0329,-0.050800000000000005,0.6284000000000001,0.6284000000000001
2008-08-11,0.6287,0.0372,-0.0324,0.6287,0.6287
2008-08-12,0.6296,0.0318,-0.0295,0.6296,0.6296
2008-08-13,0.632,0.0304,-0.020800000000000003,0.632,0.632
2008-08-14,0.6373,0.0315,-0.0117,0.6373,0.6373
2008-08-15,0.6376000000000001,0.0631,0.0029,0.6376000000000001,0.6376000000000001
2008-08-16,0.6432,0.0601,0.009000000000000001,0.6432,0.6432
2008-08-17,0.6462,0.0862,0.0,0.6462,0.6462
2008-08-18,0.6503,0.1047,-0.0077,0.6503,0.6503
2008-08-19,0.649,0.14880000000000002,0.0083,0.649,0.649
2008-08-20,0.6473,0.16540000000000002,0.0092,0.6473,0.6473
2008-08-21,0.6503,0.17700000000000002,0.0013000000000000002,0.6503,0.6503
2008-08-22,0.6526000000000001,0.1871,0.0102,0.6526000000000001,0.6526000000000001
2008-08-23,0.6534,0.193,0.0232,0.6534,0.6534
2008-08-24,0.6551,0.2134,0.0363,0.6551,0.6551
2008-08-25,0.6558,0.2354,0.038,0.6558,0.6558
2008-08-26,0.6593,0.22899999999999998,0.041100000000000005,0.6593,0.6593
2008-08-27,0.6621,0.2352,0.0497,0.6621,0.6621
2008-08-28,0.6637000000000001,0.2372,0.0426,0.6637000000000001,0.6637000000000001
2008-08-29,0.6661,0.2487,0.0469,0.6661,0.6661
2008-08-30,0.6692,0.2516,0.0589,0.6692,0.6692
2008-08-31,0.6721,0.2455,0.0619,0.6721,0.6721
2008-09-01,0.6757000000000001,0.2395,0.0629,0.6757000000000001,0.6757000000000001
2008-09-02,0.6785,0.2367,0.0671,0.6785,0.6785
2008-09-03,0.6779000000000001,0.2422,0.0695,0.6779000000000001,0.6779000000000001
2008-09-04,0.6792,0.2352,0.0736,0.6792,0.6792
2008-09-05,0.6807000000000001,0.23399999999999999,0.0728,0.6807000000000001,0.6807000000000001
2008-09-06,0.6807000000000001,0.2309,0.06770000000000001,0.6807000000000001,0.6807000000000001
2008-09-07,0.6796,0.231,0.0668,0.6796,0.6796
2008-09-08,0.6798000000000001,0.2278,0.0616,0.6798000000000001,0.6798000000000001
2008-09-09,0.6776,0.2374,0.0589,0.6776,0.6776
2008-09-10,0.6765,0.2296,0.05760000000000001,0.6765,0.6765
2008-09-11,0.6744,0.2399,0.0446,0.6744,0.6744
2008-09-12,0.6714,0.2231,0.036000000000000004,0.6714,0.6714
2008-09-13,0.6679999999999999,0.2327,0.037000000000000005,0.6679999999999999,0.6679999999999999
2008-09-14,0.6663,0.2299,0.028200000000000006,0.6663,0.6663
2008-09-15,0.6609,0.2256,0.0197,0.6609,0.6609
2008-09-16,0.6591,0.212,0.015700000000000002,0.6591,0.6591
2008-09-17,0.6592,0.2138,0.0323,0.6592,0.6592
2008-09-18,0.6604,0.2153,0.0408,0.6604,0.6604
2008-09-19,0.659,0.2221,0.057999999999999996,0.659,0.659
2008-09-20,0.6567000000000001,0.2223,0.0692,0.6567000000000001,0.6567000000000001
2008-09-21,0.6535000000000001,0.2403,0.0653,0.6535000000000001,0.6535000000000001
2008-09-22,0.6546000000000001,0.2536,0.0833,0.6546000000000001,0.6546000000000001
2008-09-23,0.6567000000000001,0.2677,0.07930000000000001,0.6567000000000001,0.6567000000000001
2008-09-24,0.6577000000000001,0.2952,0.07780000000000001,0.6577000000000001,0.6577000000000001
2008-09-25,0.6566000000000001,0.2902,0.0719,0.6566000000000001,0.6566000000000001
2008-09-26,0.6553,0.3216,0.07050000000000001,0.6553,0.6553
2008-09-27,0.6517000000000001,0.3492,0.0603,0.6517000000000001,0.6517000000000001
2008-09-28,0.6539,0.35200000000000004,0.0606,0.6539,0.6539
2008-09-29,0.6488,0.3793,0.0478,0.6488,0.6488
2008-09-30,0.6461,0.3904,0.0393,0.6461,0.6461
2008-10-01,0.6427,0.3979,0.0238,0.6427,0.6427
2008-10-02,0.6401,0.4042,0.0108,0.6401,0.6401
2008-10-03,0.6339,0.4183,-0.0058000000000000005,0.6339,0.6339
2008-10-04,0.6291,0.4253,-0.0161,0.6291,0.6291
2008-10-05,0.6246,0.413,-0.0128,0.6246,0.6246
2008-10-06,0.6207,0.3981,-0.0147,0.6207,0.6207
2008-10-07,0.6175,0.3799,-0.0194,0.6175,0.6175
2008-10-08,0.6113000000000001,0.3633,-0.0226,0.6113000000000001,0.6113000000000001
2008-10-09,0.6048,0.3325,-0.0133,0.6048,0.6048
2008-10-10,0.6067,0.2939,-0.0124,0.6067,0.6067
2008-10-11,0.6008,0.2616,-0.0024,0.6008,0.6008
2008-10-12,0.5985,0.2431,0.0183,0.5985,0.5985
2008-10-13,0.5954,0.2312,0.0356,0.5954,0.5954
2008-10-14,0.5940000000000001,0.2224,0.043300000000000005,0.5940000000000001,0.5940000000000001
2008-10-15,0.5898,0.2046,0.051300000000000005,0.5898,0.5898
2008-10-16,0.5893,0.2013,0.0529,0.5893,0.5893
2008-10-17,0.5886,0.2023,0.0679,0.5886,0.5886
2008-10-18,0.5886,0.19399999999999998,0.055200000000000006,0.5886,0.5886
2008-10-19,0.5873,0.1873,0.0655,0.5873,0.5873
2008-10-20,0.5841000000000001,0.192,0.0594,0.5841000000000001,0.5841000000000001
2008-10-21,0.5849,0.2022,0.05930000000000001,0.5849,0.5849
2008-10-22,0.5863,0.2127,0.0668,0.5863,0.5863
2008-10-23,0.5868,0.2263,0.0734,0.5868,0.5868
2008-10-24,0.5892000000000001,0.244,0.0859,0.5892000000000001,0.5892000000000001
2008-10-25,0.5871000000000001,0.2597,0.08360000000000001,0.5871000000000001,0.5871000000000001
2008-10-26,0.5860000000000001,0.28340000000000004,0.07590000000000001,0.5860000000000001,0.5860000000000001
2008-10-27,0.5899,0.2958,0.0915,0.5899,0.5899
2008-10-28,0.5926,0.3032,0.08199999999999999,0.5926,0.5926
2008-10-29,0.5904,0.3175,0.07690000000000001,0.5904,0.5904
2008-10-30,0.5893,0.3482,0.07880000000000001,0.5893,0.5893
2008-10-31,0.5899,0.3638,0.0709,0.5899,0.5899
2008-11-01,0.5896,0.371,0.0659,0.5896,0.5896
2008-11-02,0.5892000000000001,0.3872,0.0751,0.5892000000000001,0.5892000000000001
2008-11-03,0.5895,0.3942,0.0741,0.5895,0.5895
2008-11-04,0.5881000000000001,0.4091,0.0653,0.5881000000000001,0.5881000000000001
2008-11-05,0.5834,0.4174,0.055,0.5834,0.5834
2008-11-06,0.5822,0.4251,0.0534,0.5822,0.5822
2008-11-07,0.5787,0.44,0.0594,0.5787,0.5787
2008-11-08,0.5764,0.4402,0.0623,0.5764,0.5764
2008-11-09,0.5782,0.4469,0.07690000000000001,0.5782,0.5782
2008-11-10,0.5809000000000001,0.4356,0.0795,0.5809000000000001,0.5809000000000001
2008-11-11,0.5819,0.4361,0.0939,0.5819,0.5819
2008-11-12,0.5831000000000001,0.4339,0.1041,0.5831000000000001,0.5831000000000001
2008-11-13,0.5867,0.4212,0.1077,0.5867,0.5867
2008-11-14,0.5943,0.3926,0.1172,0.5943,0.5943
2008-11-15,0.5963,0.38799999999999996,0.1008,0.5963,0.5963
2008-11-16,0.5971000000000001,0.3902,0.1135,0.5971000000000001,0.5971000000000001
2008-11-17,0.601,0.3813,0.1176,0.601,0.601
2008-11-18,0.6072000000000001,0.3655,0.109,0.6072000000000001,0.6072000000000001
2008-11-19,0.6132000000000001,0.3421,0.0998,0.6132000000000001,0.6132000000000001
2008-11-20,0.6186,0.3332,0.07880000000000001,0.6186,0.6186
2008-11-21,0.6231,0.3252,0.0729,0.6231,0.6231
2008-11-22,0.627,0.30660000000000004,0.0502,0.627,0.627
2008-11-23,0.6321,0.2873,0.0393,0.6321,0.6321
2008-11-24,0.6332,0.2793,0.0212,0.6332,0.6332
2008-11-25,0.6367,0.26280000000000003,0.0081,0.6367,0.6367
2008-11-26,0.6379,0.2525,0.0158,0.6379,0.6379
2008-11-27,0.6388,0.2304,0.0012,0.6388,0.6388
2008-11-28,0.6359,0.2148,-0.0089,0.6359,0.6359
2008-11-29,0.6366,0.1918,-0.0135,0.6366,0.6366
2008-11-30,0.6341,0.1814,-0.0104,0.6341,0.6341
2008-12-01,0.6366,0.1525,-0.0064,0.6366,0.6366
2008-12-02,0.6361,0.1428,-0.0026000000000000003,0.6361,0.6361
2008-12-03,0.6384000000000001,0.1167,0.0038,0.6384000000000001,0.6384000000000001
2008-12-04,0.6375000000000001,0.1062,0.0136,0.6375000000000001,0.6375000000000001
2008-12-05,0.6389,0.1007,0.0128,0.6389,0.6389
2008-12-06,0.6383,0.08990000000000001,0.0181,0.6383,0.6383
2008-12-07,0.6391,0.07680000000000001,0.0129,0.6391,0.6391
2008-12-08,0.6374000000000001,0.0651,0.0203,0.6374000000000001,0.6374000000000001
2008-12-09,0.6367,0.0625,0.0152,0.6367,0.6367
2008-12-10,0.6341,0.0526,0.0212,0.6341,0.6341
2008-12-11,0.6343,0.0378,0.022500000000000003,0.6343,0.6343
2008-12-12,0.6347,0.0298,0.0186,0.6347,0.6347
2008-12-13,0.6342,0.028200000000000006,0.018500000000000003,0.6342,0.6342
2008-12-14,0.6315000000000001,0.0241,0.0196,0.6315000000000001,0.6315000000000001
2008-12-15,0.6324000000000001,0.013800000000000002,0.020200000000000003,0.6324000000000001,0.6324000000000001
2008-12-16,0.6361,0.0016,0.0131,0.6361,0.6361
2008-12-17,0.6361,-0.0092,0.0232,0.6361,0.6361
2008-12-18,0.6385000000000001,-0.0099,0.0155,0.6385000000000001,0.6385000000000001
2008-12-19,0.6391,-0.0193,0.0165,0.6391,0.6391
2008-12-20,0.6366,-0.026,0.0129,0.6366,0.6366
2008-12-21,0.6356,-0.030500000000000006,0.0066,0.6356,0.6356
2008-12-22,0.6326,-0.025900000000000003,0.0035,0.6326,0.6326
2008-12-23,0.6303000000000001,-0.0417,-0.0028,0.6303000000000001,0.6303000000000001
2008-12-24,0.6265000000000001,-0.0507,-0.0144,0.6265000000000001,0.6265000000000001
2008-12-25,0.6213000000000001,-0.0519,-0.018500000000000003,0.6213000000000001,0.6213000000000001
2008-12-26,0.6173000000000001,-0.0659,-0.0166,0.6173000000000001,0.6173000000000001
2008-12-27,0.6118,-0.0679,-0.0197,0.6118,0.6118
2008-12-28,0.6068,-0.08,-0.006999999999999999,0.6068,0.6068
2008-12-29,0.6047,-0.0891,0.0155,0.6047,0.6047
2008-12-30,0.6011000000000001,-0.0935,0.0203,0.6011000000000001,0.6011000000000001
2008-12-31,0.5974,-0.08710000000000001,0.0363,0.5974,0.5974
2009-01-01,0.5961000000000001,-0.0988,0.053500000000000006,0.5961000000000001,0.5961000000000001
2009-01-02,0.5958,-0.1058,0.077,0.5958,0.5958
2009-01-03,0.5955,-0.0964,0.0916,0.5955,0.5955
2009-01-04,0.5961000000000001,-0.1137,0.1033,0.5961000000000001,0.5961000000000001
2009-01-05,0.5964,-0.1084,0.1063,0.5964,0.5964
2009-01-06,0.5949,-0.1007,0.1095,0.5949,0.5949
2009-01-07,0.5982000000000001,-0.1152,0.121,0.5982000000000001,0.5982000000000001
2009-01-08,0.6003000000000001,-0.1158,0.1269,0.6003000000000001,0.6003000000000001
2009-01-09,0.6047,-0.1025,0.1307,0.6047,0.6047
2009-01-10,0.6072000000000001,-0.1007,0.1275,0.6072000000000001,0.6072000000000001
2009-01-11,0.6137,-0.1002,0.1202,0.6137,0.6137
2009-01-12,0.614,-0.115,0.1189,0.614,0.614
2009-01-13,0.6143000000000001,-0.1212,0.1007,0.6143000000000001,0.6143000000000001
2009-01-14,0.6124,-0.1381,0.0934,0.6124,0.6124
2009-01-15,0.6123000000000001,-0.1489,0.0849,0.6123000000000001,0.6123000000000001
2009-01-16,0.6115,-0.1657,0.0729,0.6115,0.6115
2009-01-17,0.6131,-0.1909,0.0485,0.6131,0.6131
2009-01-18,0.6112000000000001,-0.2194,0.0425,0.6112000000000001,0.6112000000000001
2009-01-19,0.6075,-0.2372,0.02,0.6075,0.6075
2009-01-20,0.6052000000000001,-0.2553,0.0114,0.6052000000000001,0.6052000000000001
2009-01-21,0.6013000000000001,-0.27,0.0027,0.6013000000000001,0.6013000000000001
2009-01-22,0.6005,-0.27740000000000004,-0.019,0.6005,0.6005
2009-01-23,0.5968,-0.2813,-0.0215,0.5968,0.5968
2009-01-24,0.5952000000000001,-0.2937,-0.0146,0.5952000000000001,0.5952000000000001
2009-01-25,0.5899,-0.29700000000000004,0.006,0.5899,0.5899
2009-01-26,0.5905,-0.2949,0.0026000000000000003,0.5905,0.5905
2009-01-27,0.5920000000000001,-0.2949,0.018000000000000002,0.5920000000000001,0.5920000000000001
2009-01-28,0.5972000000000001,-0.3008,0.0366,0.5972000000000001,0.5972000000000001
2009-01-29,0.6036,-0.2994,0.0639,0.6036,0.6036
2009-01-30,0.6102000000000001,-0.29710000000000003,0.08510000000000001,0.6102000000000001,0.6102000000000001
2009-01-31,0.618,-0.3047,0.1075,0.618,0.618
2009-02-01,0.6269,-0.3047,0.1191,0.6269,0.6269
2009-02-02,0.6357,-0.2816,0.12610000000000002,0.6357,0.6357
2009-02-03,0.6446000000000001,-0.2866,0.1312,0.6446000000000001,0.6446000000000001
2009-02-04,0.6513,-0.29150000000000004,0.1383,0.6513,0.6513
2009-02-05,0.6609999999999999,-0.29000000000000004,0.1404,0.6609999999999999,0.6609999999999999
2009-02-06,0.6713,-0.3017,0.1364,0.6713,0.6713
2009-02-07,0.6815,-0.3014,0.13290000000000002,0.6815,0.6815
2009-02-08,0.6875,-0.3079,0.1217,0.6875,0.6875
2009-02-09,0.6947,-0.30510000000000004,0.1097,0.6947,0.6947
2009-02-10,0.6969000000000001,-0.3064,0.0931,0.6969000000000001,0.6969000000000001
2009-02-11,0.7007,-0.3221,0.06330000000000001,0.7007,0.7007
2009-02-12,0.7044,-0.32170000000000004,0.0362,0.7044,0.7044
2009-02-13,0.7078,-0.3184,0.0144,0.7078,0.7078
2009-02-14,0.7063,-0.32580000000000003,-0.0041,0.7063,0.7063
2009-02-15,0.7063,-0.33290000000000003,-0.0179,0.7063,0.7063
2009-02-16,0.7057,-0.3371,-0.035500000000000004,0.7057,0.7057
2009-02-17,0.7018,-0.34450000000000003,-0.0408,0.7018,0.7018
2009-02-18,0.7037,-0.35500000000000004,-0.047400000000000005,0.7037,0.7037
2009-02-19,0.7020000000000001,-0.35500000000000004,-0.067,0.7020000000000001,0.7020000000000001
2009-02-20,0.7024,-0.3613,-0.0732,0.7024,0.7024
2009-02-21,0.7030000000000001,-0.35600000000000004,-0.0952,0.7030000000000001,0.7030000000000001
2009-02-22,0.7017,-0.3567,-0.0975,0.7017,0.7017
2009-02-23,0.6993,-0.366,-0.11699999999999999,0.6993,0.6993
2009-02-24,0.6961,-0.3616,-0.1305,0.6961,0.6961
2009-02-25,0.6936,-0.3788,-0.1504,0.6936,0.6936
2009-02-26,0.6873,-0.3825,-0.1587,0.6873,0.6873
2009-02-27,0.6843,-0.3746,-0.1534,0.6843,0.6843
2009-02-28,0.6821,-0.3636,-0.1491,0.6821,0.6821
2009-03-01,0.6799000000000001,-0.3544,-0.1526,0.6799000000000001,0.6799000000000001
2009-03-02,0.6779999999999999,-0.3592,-0.1526,0.6779999999999999,0.6779999999999999
2009-03-03,0.6745,-0.3544,-0.141,0.6745,0.6745
2009-03-04,0.6729,-0.3512,-0.1203,0.6729,0.6729
2009-03-05,0.6707000000000001,-0.3287,-0.1143,0.6707000000000001,0.6707000000000001
2009-03-06,0.6716000000000001,-0.32120000000000004,-0.0993,0.6716000000000001,0.6716000000000001
2009-03-07,0.6724,-0.303,-0.08030000000000001,0.6724,0.6724
2009-03-08,0.6744,-0.29100000000000004,-0.0596,0.6744,0.6744
2009-03-09,0.6761,-0.2747,-0.031100000000000006,0.6761,0.6761
2009-03-10,0.6764,-0.26890000000000003,-0.0103,0.6764,0.6764
2009-03-11,0.6802,-0.2611,0.0078,0.6802,0.6802
2009-03-12,0.6793,-0.2569,0.0262,0.6793,0.6793
2009-03-13,0.6843,-0.26180000000000003,0.035,0.6843,0.6843
2009-03-14,0.6849000000000001,-0.2506,0.0481,0.6849000000000001,0.6849000000000001
2009-03-15,0.6880000000000001,-0.2435,0.07690000000000001,0.6880000000000001,0.6880000000000001
2009-03-16,0.6884,-0.2377,0.098,0.6884,0.6884
2009-03-17,0.6944,-0.2209,0.124,0.6944,0.6944
2009-03-18,0.6973,-0.2132,0.1154,0.6973,0.6973
2009-03-19,0.7031000000000001,-0.2047,0.1103,0.7031000000000001,0.7031000000000001
2009-03-20,0.7084,-0.1999,0.1101,0.7084,0.7084
2009-03-21,0.7106,-0.1733,0.1069,0.7106,0.7106
2009-03-22,0.7152000000000001,-0.15380000000000002,0.1185,0.7152000000000001,0.7152000000000001
2009-03-23,0.7221000000000001,-0.1391,0.1117,0.7221000000000001,0.7221000000000001
2009-03-24,0.7249,-0.1029,0.1218,0.7249,0.7249
2009-03-25,0.7324,-0.084,0.1346,0.7324,0.7324
2009-03-26,0.7357,-0.0506,0.1268,0.7357,0.7357
2009-03-27,0.743,-0.0184,0.1356,0.743,0.743
2009-03-28,0.7511,-0.0067,0.1278,0.7511,0.7511
2009-03-29,0.7568,0.0061,0.1108,0.7568,0.7568
2009-03-30,0.7643000000000001,0.0267,0.1159,0.7643000000000001,0.7643000000000001
2009-03-31,0.7714000000000001,0.0507,0.1122,0.7714000000000001,0.7714000000000001
2009-04-01,0.7763,0.0632,0.1024,0.7763,0.7763
2009-04-02,0.7838,0.08170000000000001,0.1149,0.7838,0.7838
2009-04-03,0.7893,0.0936,0.1206,0.7893,0.7893
2009-04-04,0.7937000000000001,0.1011,0.1374,0.7937000000000001,0.7937000000000001
2009-04-05,0.7992,0.0943,0.1365,0.7992,0.7992
2009-04-06,0.8073,0.08940000000000001,0.1384,0.8073,0.8073
2009-04-07,0.8115,0.078,0.1443,0.8115,0.8115
2009-04-08,0.8186,0.1015,0.1598,0.8186,0.8186
2009-04-09,0.8248000000000001,0.0992,0.1688,0.8248000000000001,0.8248000000000001
2009-04-10,0.8342,0.1047,0.1733,0.8342,0.8342
2009-04-11,0.8411000000000001,0.1099,0.1853,0.8411000000000001,0.8411000000000001
2009-04-12,0.8476,0.1149,0.1825,0.8476,0.8476
2009-04-13,0.8547,0.1232,0.1839,0.8547,0.8547
2009-04-14,0.8584,0.1426,0.1685,0.8584,0.8584
2009-04-15,0.8588,0.1476,0.1408,0.8588,0.8588
2009-04-16,0.8596,0.1621,0.128,0.8596,0.8596
2009-04-17,0.8618,0.17850000000000002,0.1057,0.8618,0.8618
2009-04-18,0.863,0.1864,0.08310000000000001,0.863,0.863
2009-04-19,0.862,0.1888,0.0601,0.862,0.862
2009-04-20,0.8591000000000001,0.1963,0.024800000000000003,0.8591000000000001,0.8591000000000001
2009-04-21,0.8554,0.1904,0.008400000000000001,0.8554,0.8554
2009-04-22,0.8502000000000001,0.1846,-0.0244,0.8502000000000001,0.8502000000000001
2009-04-23,0.8456,0.1793,-0.054000000000000006,0.8456,0.8456
2009-04-24,0.8370000000000001,0.16870000000000002,-0.0765,0.8370000000000001,0.8370000000000001
2009-04-25,0.8288000000000001,0.1646,-0.0978,0.8288000000000001,0.8288000000000001
2009-04-26,0.8203,0.14250000000000002,-0.0998,0.8203,0.8203
2009-04-27,0.8109000000000001,0.12810000000000002,-0.1204,0.8109000000000001,0.8109000000000001
2009-04-28,0.8009999999999999,0.1085,-0.1317,0.8009999999999999,0.8009999999999999
2009-04-29,0.7923,0.08850000000000001,-0.1267,0.7923,0.7923
2009-04-30,0.7851,0.0546,-0.1195,0.7851,0.7851
2009-05-01,0.7788,0.0231,-0.1121,0.7788,0.7788
2009-05-02,0.7732,-0.0126,-0.099,0.7732,0.7732
2009-05-03,0.7689,-0.0435,-0.0897,0.7689,0.7689
2009-05-04,0.7634000000000001,-0.0804,-0.0546,0.7634000000000001,0.7634000000000001
2009-05-05,0.7616,-0.09000000000000001,-0.047900000000000005,0.7616,0.7616
2009-05-06,0.7606,-0.1032,-0.046700000000000005,0.7606,0.7606
2009-05-07,0.7608,-0.1068,-0.031400000000000004,0.7608,0.7608
2009-05-08,0.7602,-0.1045,-0.0143,0.7602,0.7602
2009-05-09,0.7609,-0.1029,0.0122,0.7609,0.7609
2009-05-10,0.7616,-0.0903,0.0332,0.7616,0.7616
2009-05-11,0.7658,-0.08460000000000001,0.06100000000000001,0.7658,0.7658
2009-05-12,0.769,-0.0736,0.0745,0.769,0.769
2009-05-13,0.773,-0.0434,0.1003,0.773,0.773
2009-05-14,0.7781,-0.0219,0.1146,0.7781,0.7781
2009-05-15,0.7857000000000001,-0.0016,0.1297,0.7857000000000001,0.7857000000000001
2009-05-16,0.7915000000000001,0.0243,0.1467,0.7915000000000001,0.7915000000000001
2009-05-17,0.8004,0.0499,0.166,0.8004,0.8004
2009-05-18,0.8074,0.085,0.1778,0.8074,0.8074
2009-05-19,0.8156,0.1137,0.1913,0.8156,0.8156
2009-05-20,0.8217,0.1283,0.1865,0.8217,0.8217
2009-05-21,0.8292,0.14,0.1778,0.8292,0.8292
2009-05-22,0.8374,0.15130000000000002,0.1703,0.8374,0.8374
2009-05-23,0.8418,0.16699999999999998,0.1529,0.8418,0.8418
2009-05-24,0.8471000000000001,0.16540000000000002,0.14200000000000002,0.8471000000000001,0.8471000000000001
2009-05-25,0.8492000000000001,0.1675,0.1194,0.8492000000000001,0.8492000000000001
2009-05-26,0.8499,0.1748,0.1267,0.8499,0.8499
2009-05-27,0.8533000000000001,0.17320000000000002,0.12,0.8533000000000001,0.8533000000000001
2009-05-28,0.8582000000000001,0.1719,0.1056,0.8582000000000001,0.8582000000000001
2009-05-29,0.8606,0.1734,0.1023,0.8606,0.8606
2009-05-30,0.8647,0.17800000000000002,0.0968,0.8647,0.8647
2009-05-31,0.8678,0.1851,0.1013,0.8678,0.8678
2009-06-01,0.8729,0.1884,0.0929,0.8729,0.8729
2009-06-02,0.8773000000000001,0.1933,0.0938,0.8773000000000001,0.8773000000000001
2009-06-03,0.879,0.2037,0.0942,0.879,0.879
2009-06-04,0.8829,0.2064,0.1001,0.8829,0.8829
2009-06-05,0.8836,0.2022,0.1071,0.8836,0.8836
2009-06-06,0.8887,0.1967,0.1233,0.8887,0.8887
2009-06-07,0.8947,0.1927,0.1154,0.8947,0.8947
2009-06-08,0.8997,0.1918,0.1119,0.8997,0.8997
2009-06-09,0.9058,0.1888,0.0945,0.9058,0.9058
2009-06-10,0.9109999999999999,0.1855,0.08420000000000001,0.9109999999999999,0.9109999999999999
2009-06-11,0.9152,0.1723,0.07680000000000001,0.9152,0.9152
2009-06-12,0.9169,0.1703,0.0488,0.9169,0.9169
2009-06-13,0.9223,0.1801,0.0339,0.9223,0.9223
2009-06-14,0.9238,0.1802,0.0117,0.9238,0.9238
2009-06-15,0.9256,0.1708,-0.00030000000000000003,0.9256,0.9256
2009-06-16,0.925,0.1587,-0.0221,0.925,0.925
2009-06-17,0.9224,0.1497,-0.031900000000000005,0.9224,0.9224
2009-06-18,0.9215,0.1569,-0.0398,0.9215,0.9215
2009-06-19,0.9179,0.1545,-0.0512,0.9179,0.9179
2009-06-20,0.9173,0.171,-0.0551,0.9173,0.9173
2009-06-21,0.912,0.1757,-0.0574,0.912,0.912
2009-06-22,0.9095,0.1863,-0.0532,0.9095,0.9095
2009-06-23,0.9037,0.2063,-0.0367,0.9037,0.9037
2009-06-24,0.902,0.2208,-0.0171,0.902,0.902
2009-06-25,0.9015,0.2319,0.002,0.9015,0.9015
2009-06-26,0.9016,0.2416,0.0041,0.9016,0.9016
2009-06-27,0.9013,0.2476,0.0023,0.9013,0.9013
2009-06-28,0.9009,0.241,-0.002,0.9009,0.9009
2009-06-29,0.8991,0.2427,-0.0137,0.8991,0.8991
2009-06-30,0.8991,0.2287,-0.0243,0.8991,0.8991
2009-07-01,0.8967,0.2279,-0.0423,0.8967,0.8967
2009-07-02,0.8944000000000001,0.2366,-0.0742,0.8944000000000001,0.8944000000000001
2009-07-03,0.8896000000000001,0.2251,-0.0988,0.8896000000000001,0.8896000000000001
2009-07-04,0.8889,0.2316,-0.122,0.8889,0.8889
2009-07-05,0.8821,0.2056,-0.13820000000000002,0.8821,0.8821
2009-07-06,0.8805000000000001,0.1846,-0.17070000000000002,0.8805000000000001,0.8805000000000001
2009-07-07,0.8726,0.1736,-0.1894,0.8726,0.8726
2009-07-08,0.8653000000000001,0.1686,-0.1949,0.8653000000000001,0.8653000000000001
2009-07-09,0.8584,0.17950000000000002,-0.19899999999999998,0.8584,0.8584
2009-07-10,0.8527,0.1908,-0.1903,0.8527,0.8527
2009-07-11,0.8445,0.1897,-0.1924,0.8445,0.8445
2009-07-12,0.8379000000000001,0.1915,-0.1849,0.8379000000000001,0.8379000000000001
2009-07-13,0.8325,0.17270000000000002,-0.1709,0.8325,0.8325
2009-07-14,0.8286,0.1778,-0.1656,0.8286,0.8286
2009-07-15,0.8210000000000001,0.1867,-0.1648,0.8210000000000001,0.8210000000000001
2009-07-16,0.8182,0.1949,-0.1725,0.8182,0.8182
2009-07-17,0.8169000000000001,0.2068,-0.1608,0.8169000000000001,0.8169000000000001
2009-07-18,0.8128000000000001,0.2082,-0.1553,0.8128000000000001,0.8128000000000001
2009-07-19,0.8137000000000001,0.1996,-0.1505,0.8137000000000001,0.8137000000000001
2009-07-20,0.8127000000000001,0.2064,-0.1338,0.8127000000000001,0.8127000000000001
2009-07-21,0.8130000000000001,0.2072,-0.1328,0.8130000000000001,0.8130000000000001
2009-07-22,0.8158000000000001,0.2133,-0.14500000000000002,0.8158000000000001,0.8158000000000001
2009-07-23,0.8101,0.2215,-0.1637,0.8101,0.8101
2009-07-24,0.8107000000000001,0.2145,-0.1593,0.8107000000000001,0.8107000000000001
2009-07-25,0.8088000000000001,0.2136,-0.15610000000000002,0.8088000000000001,0.8088000000000001
2009-07-26,0.8077000000000001,0.2005,-0.1477,0.8077000000000001,0.8077000000000001
2009-07-27,0.8033,0.2139,-0.1461,0.8033,0.8033
2009-07-28,0.8019000000000001,0.2178,-0.1386,0.8019000000000001,0.8019000000000001
2009-07-29,0.7956000000000001,0.222,-0.1348,0.7956000000000001,0.7956000000000001
2009-07-30,0.792,0.2396,-0.1235,0.792,0.792
2009-07-31,0.7912,0.2324,-0.1084,0.7912,0.7912
2009-08-01,0.7847000000000001,0.2323,-0.0918,0.7847000000000001,0.7847000000000001
2009-08-02,0.7813,0.2364,-0.0892,0.7813,0.7813
2009-08-03,0.7792,0.2249,-0.0753,0.7792,0.7792
2009-08-04,0.7738,0.2233,-0.0684,0.7738,0.7738
2009-08-05,0.772,0.2218,-0.0532,0.772,0.772
2009-08-06,0.769,0.2146,-0.053700000000000005,0.769,0.769
2009-08-07,0.7663000000000001,0.2149,-0.0419,0.7663000000000001,0.7663000000000001
2009-08-08,0.7624000000000001,0.2213,-0.0482,0.7624000000000001,0.7624000000000001
2009-08-09,0.7587,0.2183,-0.0536,0.7587,0.7587
2009-08-10,0.7552,0.2212,-0.0592,0.7552,0.7552
2009-08-11,0.7502000000000001,0.2151,-0.0548,0.7502000000000001,0.7502000000000001
2009-08-12,0.7449,0.2039,-0.0502,0.7449,0.7449
2009-08-13,0.7431,0.2073,-0.0563,0.7431,0.7431
2009-08-14,0.7390000000000001,0.2055,-0.06860000000000001,0.7390000000000001,0.7390000000000001
2009-08-15,0.7361000000000001,0.2181,-0.0712,0.7361000000000001,0.7361000000000001
2009-08-16,0.735,0.2054,-0.0702,0.735,0.735
2009-08-17,0.7315,0.1983,-0.0758,0.7315,0.7315
2009-08-18,0.7308,0.1925,-0.0757,0.7308,0.7308
2009-08-19,0.7318,0.1822,-0.059,0.7318,0.7318
2009-08-20,0.7313000000000001,0.1891,-0.0632,0.7313000000000001,0.7313000000000001
2009-08-21,0.7296,0.1773,-0.0607,0.7296,0.7296
2009-08-22,0.7303000000000001,0.1797,-0.0522,0.7303000000000001,0.7303000000000001
2009-08-23,0.7318,0.1822,-0.0446,0.7318,0.7318
2009-08-24,0.7322000000000001,0.17420000000000002,-0.0427,0.7322000000000001,0.7322000000000001
2009-08-25,0.7328,0.1856,-0.0119,0.7328,0.7328
2009-08-26,0.7349,0.1923,0.0029,0.7349,0.7349
2009-08-27,0.7363000000000001,0.2069,0.0188,0.7363000000000001,0.7363000000000001
2009-08-28,0.7385,0.2133,0.0301,0.7385,0.7385
2009-08-29,0.741,0.2092,0.0464,0.741,0.741
2009-08-30,0.7419,0.2102,0.0538,0.7419,0.7419
2009-08-31,0.7436,0.1991,0.0528,0.7436,0.7436
2009-09-01,0.7446,0.1898,0.0584,0.7446,0.7446
2009-09-02,0.7487,0.1864,0.06670000000000001,0.7487,0.7487
2009-09-03,0.7491,0.1828,0.06670000000000001,0.7491,0.7491
2009-09-04,0.7469,0.16899999999999998,0.0661,0.7469,0.7469
2009-09-05,0.7453000000000001,0.1578,0.0639,0.7453000000000001,0.7453000000000001
2009-09-06,0.7415,0.1235,0.053700000000000005,0.7415,0.7415
2009-09-07,0.7382000000000001,0.0948,0.053700000000000005,0.7382000000000001,0.7382000000000001
2009-09-08,0.7357,0.07390000000000001,0.055400000000000005,0.7357,0.7357
2009-09-09,0.7317,0.0529,0.0468,0.7317,0.7317
2009-09-10,0.7264,0.033,0.0494,0.7264,0.7264
2009-09-11,0.7212000000000001,0.0196,0.0664,0.7212000000000001,0.7212000000000001
2009-09-12,0.7182000000000001,-0.0009000000000000002,0.0747,0.7182000000000001,0.7182000000000001
2009-09-13,0.7145,-0.0223,0.0683,0.7145,0.7145
2009-09-14,0.7120000000000001,-0.0385,0.0833,0.7120000000000001,0.7120000000000001
2009-09-15,0.7114,-0.0361,0.0974,0.7114,0.7114
2009-09-16,0.7090000000000001,-0.0359,0.1039,0.7090000000000001,0.7090000000000001
2009-09-17,0.7105,-0.0234,0.1222,0.7105,0.7105
2009-09-18,0.7114,0.0001,0.1366,0.7114,0.7114
2009-09-19,0.7154,0.0135,0.14250000000000002,0.7154,0.7154
2009-09-20,0.7191000000000001,0.0317,0.1557,0.7191000000000001,0.7191000000000001
2009-09-21,0.7243,0.05930000000000001,0.1542,0.7243,0.7243
2009-09-22,0.7279,0.07540000000000001,0.1569,0.7279,0.7279
2009-09-23,0.7339,0.0958,0.1428,0.7339,0.7339
2009-09-24,0.7426,0.1119,0.1442,0.7426,0.7426
2009-09-25,0.7491,0.1291,0.13440000000000002,0.7491,0.7491
2009-09-26,0.7601,0.1499,0.1293,0.7601,0.7601
2009-09-27,0.7659999999999999,0.16840000000000002,0.1207,0.7659999999999999,0.7659999999999999
2009-09-28,0.7714000000000001,0.1773,0.1173,0.7714000000000001,0.7714000000000001
2009-09-29,0.7792,0.1791,0.1004,0.7792,0.7792
2009-09-30,0.7841,0.1892,0.0917,0.7841,0.7841
2009-10-01,0.7894,0.1876,0.0844,0.7894,0.7894
2009-10-02,0.794,0.1874,0.0616,0.794,0.794
2009-10-03,0.7958000000000001,0.1572,0.0608,0.7958000000000001,0.7958000000000001
2009-10-04,0.7959,0.1482,0.0534,0.7959,0.7959
2009-10-05,0.7978000000000001,0.1316,0.0523,0.7978000000000001,0.7978000000000001
2009-10-06,0.7976000000000001,0.1112,0.045700000000000005,0.7976000000000001,0.7976000000000001
2009-10-07,0.7987000000000001,0.09300000000000001,0.0463,0.7987000000000001,0.7987000000000001
2009-10-08,0.8007000000000001,0.08270000000000001,0.0506,0.8007000000000001,0.8007000000000001
2009-10-09,0.8018000000000001,0.0799,0.05640000000000001,0.8018000000000001,0.8018000000000001
2009-10-10,0.8052,0.0703,0.0481,0.8052,0.8052
2009-10-11,0.8077000000000001,0.0664,0.0585,0.8077000000000001,0.8077000000000001
2009-10-12,0.8131,0.06910000000000001,0.0645,0.8131,0.8131
2009-10-13,0.8168000000000001,0.0595,0.0621,0.8168000000000001,0.8168000000000001
2009-10-14,0.8192,0.0694,0.0766,0.8192,0.8192
2009-10-15,0.8193,0.0697,0.079,0.8193,0.8193
2009-10-16,0.8190000000000001,0.0772,0.0784,0.8190000000000001,0.8190000000000001
2009-10-17,0.8198000000000001,0.07300000000000001,0.0804,0.8198000000000001,0.8198000000000001
2009-10-18,0.8201,0.0791,0.0675,0.8201,0.8201
2009-10-19,0.8177000000000001,0.08080000000000001,0.05930000000000001,0.8177000000000001,0.8177000000000001
2009-10-20,0.8119000000000001,0.098,0.06520000000000001,0.8119000000000001,0.8119000000000001
2009-10-21,0.8084,0.1087,0.0517,0.8084,0.8084
2009-10-22,0.8055,0.1118,0.0323,0.8055,0.8055
2009-10-23,0.8004,0.1195,0.0085,0.8004,0.8004
2009-10-24,0.7959,0.1427,-0.0143,0.7959,0.7959
2009-10-25,0.7905000000000001,0.1433,-0.0277,0.7905000000000001,0.7905000000000001
2009-10-26,0.7826000000000001,0.14600000000000002,-0.0425,0.7826000000000001,0.7826000000000001
2009-10-27,0.7757000000000001,0.15960000000000002,-0.0624,0.7757000000000001,0.7757000000000001
2009-10-28,0.7706000000000001,0.1598,-0.0613,0.7706000000000001,0.7706000000000001
2009-10-29,0.7672,0.1734,-0.0721,0.7672,0.7672
2009-10-30,0.7635000000000001,0.1761,-0.08750000000000001,0.7635000000000001,0.7635000000000001
2009-10-31,0.7604000000000001,0.1777,-0.0929,0.7604000000000001,0.7604000000000001
2009-11-01,0.7535000000000001,0.1907,-0.0815,0.7535000000000001,0.7535000000000001
2009-11-02,0.7515000000000001,0.2148,-0.0926,0.7515000000000001,0.7515000000000001
2009-11-03,0.748,0.2097,-0.0916,0.748,0.748
2009-11-04,0.7442000000000001,0.2228,-0.0863,0.7442000000000001,0.7442000000000001
2009-11-05,0.7404000000000001,0.223,-0.0845,-100.0,-100.0
2009-11-06,0.7354,0.2338,-0.0796,-100.0,-100.0
2009-11-07,0.7321000000000001,0.2477,-0.0621,-100.0,-100.0
2009-11-08,0.7275,0.25680000000000003,-0.0573,-100.0,-100.0
2009-11-09,0.7250000000000001,0.2624,-0.0482,-100.0,-100.0
2009-11-10,0.7241000000000001,0.2595,-0.0507,-100.0,-100.0
2009-11-11,0.7180000000000001,0.2586,-0.0515,-100.0,-100.0
2009-11-12,0.7168,0.2686,-0.0448,-100.0,-100.0
2009-11-13,0.7149,0.25570000000000004,-0.0359,-100.0,-100.0
2009-11-14,0.7106,0.26230000000000003,-0.031400000000000004,-100.0,-100.0
2009-11-15,0.7114,0.2493,-0.0337,-100.0,-100.0
2009-11-16,0.7083,0.2374,-0.0263,-100.0,-100.0
2009-11-17,0.7090000000000001,0.23440000000000005,-0.0191,-100.0,-100.0
2009-11-18,0.7056,0.2343,-0.0327,-100.0,-100.0
2009-11-19,0.7053,0.2131,-0.0334,-100.0,-100.0
2009-11-20,0.7028,0.2083,-0.0223,-100.0,-100.0
2009-11-21,0.7009000000000001,0.1932,-0.0228,-100.0,-100.0
2009-11-22,0.7006,0.1983,-0.026500000000000003,-100.0,-100.0
2009-11-23,0.6973,0.1863,-0.0254,-100.0,-100.0
2009-11-24,0.6959000000000001,0.16440000000000002,-0.0081,-100.0,-100.0
2009-11-25,0.6947,0.1564,0.00030000000000000003,-100.0,-100.0
2009-11-26,0.6928000000000001,0.151,0.0015,-100.0,-100.0
2009-11-27,0.6918000000000001,0.1457,0.0066,-100.0,-100.0
2009-11-28,0.6897,0.1454,0.023,-100.0,-100.0
2009-11-29,0.6894,0.1547,0.0244,-100.0,-100.0
2009-11-30,0.6868000000000001,0.1463,0.0219,-100.0,-100.0
2009-12-01,0.6865,0.1479,0.027000000000000003,-100.0,-100.0
2009-12-02,0.6859000000000001,0.12990000000000002,0.0245,-100.0,-100.0
2009-12-03,0.6848000000000001,0.1035,0.0193,-100.0,-100.0
2009-12-04,0.6843,0.0999,0.023,-100.0,-100.0
2009-12-05,0.6827000000000001,0.0762,0.0247,-100.0,-100.0
2009-12-06,0.6812,0.0568,0.0206,-100.0,-100.0
2009-12-07,0.6798000000000001,0.0425,0.0161,-100.0,-100.0
2009-12-08,0.68,0.0222,0.0143,-100.0,-100.0
2009-12-09,0.6811,0.0187,0.009000000000000001,-100.0,-100.0
2009-12-10,0.6803,0.0107,0.0077,-100.0,-100.0
2009-12-11,0.6801,0.0035,0.0022,-100.0,-100.0
2009-12-12,0.6814,0.0044,-0.0045000000000000005,-100.0,-100.0
2009-12-13,0.6806,0.0173,-0.0064,-100.0,-100.0
2009-12-14,0.6828000000000001,0.0183,-0.0128,-100.0,-100.0
2009-12-15,0.6807000000000001,0.0258,-0.0262,-100.0,-100.0
2009-12-16,0.6793,0.03,-0.0255,-100.0,-100.0
2009-12-17,0.6801,0.024200000000000003,-0.0214,-100.0,-100.0
2009-12-18,0.68,0.0164,-0.019,-100.0,-100.0
2009-12-19,0.6787000000000001,0.016900000000000002,-0.016300000000000002,-100.0,-100.0
2009-12-20,0.6751,0.0254,-0.0227,-100.0,-100.0
2009-12-21,0.6752,0.035,-0.0214,-100.0,-100.0
2009-12-22,0.6734,0.044500000000000005,-0.028200000000000006,-100.0,-100.0
2009-12-23,0.6716000000000001,0.0385,-0.0249,-100.0,-100.0
2009-12-24,0.6679,0.0505,-0.0204,-100.0,-100.0
2009-12-25,0.6646000000000001,0.0377,-0.0249,-100.0,-100.0
2009-12-26,0.6593,0.0351,-0.027000000000000003,-100.0,-100.0
2009-12-27,0.6557000000000001,0.0406,-0.024800000000000003,-100.0,-100.0
2009-12-28,0.6488,0.047900000000000005,-0.0218,-100.0,-100.0
2009-12-29,0.6428,0.0422,-0.0249,-100.0,-100.0
2009-12-30,0.6359,0.0521,-0.0233,-100.0,-100.0
2009-12-31,0.6315000000000001,0.0519,-0.0116,-100.0,-100.0
2010-01-01,0.6271,0.07250000000000001,-0.0128,-100.0,-100.0
2010-01-02,0.6252,0.0757,0.0091,-100.0,-100.0
2010-01-03,0.6241,0.0703,0.0258,-100.0,-100.0
2010-01-04,0.6221,0.08610000000000001,0.0371,-100.0,-100.0
2010-01-05,0.6222,0.0906,0.055900000000000005,-100.0,-100.0
2010-01-06,0.6223000000000001,0.1017,0.0722,-100.0,-100.0
2010-01-07,0.6234000000000001,0.1114,0.0901,-100.0,-100.0
2010-01-08,0.6241,0.1249,0.1037,-100.0,-100.0
2010-01-09,0.6254000000000001,0.1345,0.1072,-100.0,-100.0
2010-01-10,0.6286,0.1428,0.1139,-100.0,-100.0
2010-01-11,0.6328,0.1459,0.1165,-100.0,-100.0
2010-01-12,0.6359,0.1499,0.1133,-100.0,-100.0
2010-01-13,0.6374000000000001,0.1531,0.0957,-100.0,-100.0
2010-01-14,0.6383,0.15560000000000002,0.08320000000000001,-100.0,-100.0
2010-01-15,0.6393,0.1564,0.06720000000000001,-100.0,-100.0
2010-01-16,0.6385000000000001,0.1572,0.0448,-100.0,-100.0
2010-01-17,0.6389,0.14750000000000002,0.0368,-100.0,-100.0
2010-01-18,0.6387,0.1439,0.0236,-100.0,-100.0
2010-01-19,0.6362,0.1282,0.0111,-100.0,-100.0
2010-01-20,0.636,0.1172,0.0015,-100.0,-100.0
2010-01-21,0.6355000000000001,0.0989,0.0054,-100.0,-100.0
2010-01-22,0.6357,0.0957,0.0049,-100.0,-100.0
2010-01-23,0.637,0.0787,0.0091,-100.0,-100.0
2010-01-24,0.6363,0.069,0.0061,-100.0,-100.0
2010-01-25,0.638,0.06570000000000001,0.0061,-100.0,-100.0
2010-01-26,0.639,0.0789,0.0181,-100.0,-100.0
2010-01-27,0.6437,0.0551,0.0126,-100.0,-100.0
2010-01-28,0.6475000000000001,0.0426,0.0205,-100.0,-100.0
2010-01-29,0.6495000000000001,0.046,0.0367,-100.0,-100.0
2010-01-30,0.6545000000000001,0.020200000000000003,0.048400000000000006,-100.0,-100.0
2010-01-31,0.6599,0.0022,0.06220000000000001,-100.0,-100.0
2010-02-01,0.6659,-0.0181,0.0758,-100.0,-100.0
2010-02-02,0.6711,-0.031400000000000004,0.0886,-100.0,-100.0
2010-02-03,0.68,-0.0549,0.0988,-100.0,-100.0
2010-02-04,0.6859999999999999,-0.0755,0.106,-100.0,-100.0
2010-02-05,0.6911,-0.0939,0.1004,-100.0,-100.0
2010-02-06,0.6961,-0.1176,0.0956,-100.0,-100.0
2010-02-07,0.7021000000000001,-0.1353,0.0869,-100.0,-100.0
2010-02-08,0.7081000000000001,-0.1574,0.1023,-100.0,-100.0
2010-02-09,0.7123,-0.1656,0.095,-100.0,-100.0
2010-02-10,0.7154,-0.1796,0.0855,-100.0,-100.0
2010-02-11,0.7185,-0.1862,0.0738,-100.0,-100.0
2010-02-12,0.7239,-0.2052,0.0641,-100.0,-100.0
2010-02-13,0.7291000000000001,-0.2104,0.0655,-100.0,-100.0
2010-02-14,0.7308,-0.2104,0.052500000000000005,-100.0,-100.0
2010-02-15,0.7319,-0.2049,0.0568,-100.0,-100.0
2010-02-16,0.7352000000000001,-0.1942,0.0613,-100.0,-100.0
2010-02-17,0.7374,-0.1953,0.0608,-100.0,-100.0
2010-02-18,0.7394000000000001,-0.1858,0.0673,-100.0,-100.0
2010-02-19,0.7436,-0.1772,0.06670000000000001,-100.0,-100.0
2010-02-20,0.7471,-0.1781,0.0695,-100.0,-100.0
2010-02-21,0.752,-0.1789,0.0776,-100.0,-100.0
2010-02-22,0.754,-0.1636,0.0794,-100.0,-100.0
2010-02-23,0.7573000000000001,-0.1668,0.07100000000000001,-100.0,-100.0
2010-02-24,0.7595000000000001,-0.1752,0.05860000000000001,-100.0,-100.0
2010-02-25,0.7626000000000001,-0.1766,0.0393,-100.0,-100.0
2010-02-26,0.7634000000000001,-0.1836,0.0189,-100.0,-100.0
2010-02-27,0.7617,-0.1784,-0.0076,-100.0,-100.0
2010-02-28,0.7622,-0.1913,-0.0273,-100.0,-100.0
2010-03-01,0.7554000000000001,-0.1971,-0.053000000000000005,-100.0,-100.0
2010-03-02,0.7469,-0.1845,-0.0631,-100.0,-100.0
2010-03-03,0.7414000000000001,-0.2099,-0.07540000000000001,-100.0,-100.0
2010-03-04,0.7364,-0.2001,-0.08420000000000001,-100.0,-100.0
2010-03-05,0.7303000000000001,-0.2066,-0.0858,-100.0,-100.0
2010-03-06,0.7235,-0.2154,-0.0734,-100.0,-100.0
2010-03-07,0.7181000000000001,-0.2076,-0.0527,-100.0,-100.0
2010-03-08,0.7137,-0.2126,-0.035300000000000005,-100.0,-100.0
2010-03-09,0.7104,-0.2152,-0.0135,-100.0,-100.0
2010-03-10,0.7050000000000001,-0.2091,-0.0033,-100.0,-100.0
2010-03-11,0.7016,-0.2218,0.0224,-100.0,-100.0
2010-03-12,0.6988000000000001,-0.2283,0.0345,-100.0,-100.0
2010-03-13,0.6998000000000001,-0.2316,0.0545,-100.0,-100.0
2010-03-14,0.6997,-0.2305,0.07680000000000001,-100.0,-100.0
2010-03-15,0.6999000000000001,-0.2376,0.08750000000000001,-100.0,-100.0
2010-03-16,0.7011000000000001,-0.2402,0.1015,-100.0,-100.0
2010-03-17,0.7047,-0.2482,0.0898,-100.0,-100.0
2010-03-18,0.7069000000000001,-0.2459,0.08800000000000001,-100.0,-100.0
2010-03-19,0.7087,-0.2492,0.0902,-100.0,-100.0
2010-03-20,0.7122,-0.2505,0.0948,-100.0,-100.0
2010-03-21,0.7153,-0.2513,0.0853,-100.0,-100.0
2010-03-22,0.7238,-0.27390000000000003,0.08610000000000001,-100.0,-100.0
2010-03-23,0.7260000000000001,-0.2926,0.08800000000000001,-100.0,-100.0
2010-03-24,0.7284,-0.3027,0.0952,-100.0,-100.0
2010-03-25,0.7336,-0.3386,0.1056,-100.0,-100.0
2010-03-26,0.7352000000000001,-0.3597,0.1017,-100.0,-100.0
2010-03-27,0.7388,-0.3911,0.1006,-100.0,-100.0
2010-03-28,0.737,-0.4192,0.1002,-100.0,-100.0
2010-03-29,0.7402000000000001,-0.4491,0.113,-100.0,-100.0
2010-03-30,0.7390000000000001,-0.467,0.115,-100.0,-100.0
2010-03-31,0.7397,-0.4719,0.1085,-100.0,-100.0
2010-04-01,0.7390000000000001,-0.4832,0.1008,-100.0,-100.0
2010-04-02,0.7377,-0.4879,0.07740000000000001,-100.0,-100.0
2010-04-03,0.7364,-0.4793,0.06960000000000001,-100.0,-100.0
2010-04-04,0.7344,-0.4667,0.0602,-100.0,-100.0
2010-04-05,0.7278,-0.4363,0.054200000000000005,-100.0,-100.0
2010-04-06,0.7232000000000001,-0.3924,0.0675,-100.0,-100.0
2010-04-07,0.7202000000000001,-0.387,0.0616,-100.0,-100.0
2010-04-08,0.7198,-0.3702,0.0669,-100.0,-100.0
2010-04-09,0.7192000000000001,-0.3548,0.0714,-100.0,-100.0
2010-04-10,0.7204,-0.3246,0.08600000000000001,-100.0,-100.0
2010-04-11,0.7242000000000001,-0.3245,0.0979,-100.0,-100.0
2010-04-12,0.7301000000000001,-0.3292,0.1296,-100.0,-100.0
2010-04-13,0.7387,-0.31720000000000004,0.1593,-100.0,-100.0
2010-04-14,0.7455,-0.31620000000000004,0.1981,-100.0,-100.0
2010-04-15,0.7569,-0.31570000000000004,0.2367,-100.0,-100.0
2010-04-16,0.7671,-0.30970000000000003,0.2864,-100.0,-100.0
2010-04-17,0.7824,-0.30410000000000004,0.3307,-100.0,-100.0
2010-04-18,0.8037000000000001,-0.321,0.3623,-100.0,-100.0
2010-04-19,0.8214,-0.3373,0.3978,-100.0,-100.0
2010-04-20,0.8416,-0.3564,0.4191,-100.0,-100.0
2010-04-21,0.8608,-0.35860000000000003,0.42,-100.0,-100.0
2010-04-22,0.8809999999999999,-0.35850000000000004,0.4327,-100.0,-100.0
2010-04-23,0.8959,-0.3567,0.4291,-100.0,-100.0
2010-04-24,0.9147,-0.3804,0.4183,-100.0,-100.0
2010-04-25,0.9305,-0.3965,0.3949,-100.0,-100.0
2010-04-26,0.9416,-0.3919,0.3496,-100.0,-100.0
2010-04-27,0.9525,-0.3732,0.3149,-100.0,-100.0
2010-04-28,0.9664,-0.3664,0.2589,-100.0,-100.0
2010-04-29,0.9724,-0.3721,0.2047,-100.0,-100.0
2010-04-30,0.981,-0.35750000000000004,0.1492,-100.0,-100.0
2010-05-01,0.9831,-0.3477,0.0868,-100.0,-100.0
2010-05-02,0.9828,-0.341,0.02,-100.0,-100.0
2010-05-03,0.9752,-0.30410000000000004,-0.0516,-100.0,-100.0
2010-05-04,0.9694,-0.29510000000000003,-0.0964,-100.0,-100.0
2010-05-05,0.9576,-0.2924,-0.1668,-100.0,-100.0
2010-05-06,0.9443,-0.2878,-0.2152,-100.0,-100.0
2010-05-07,0.9295,-0.2909,-0.27190000000000003,-100.0,-100.0
2010-05-08,0.9104,-0.2911,-0.3074,-100.0,-100.0
2010-05-09,0.8933000000000001,-0.2949,-0.32580000000000003,-100.0,-100.0
2010-05-10,0.8719,-0.28550000000000003,-0.3412,-100.0,-100.0
2010-05-11,0.8490000000000001,-0.2765,-0.3378,-100.0,-100.0
2010-05-12,0.8295,-0.2755,-0.33990000000000004,-100.0,-100.0
2010-05-13,0.8144,-0.2722,-0.3255,-100.0,-100.0
2010-05-14,0.7965,-0.2543,-0.2973,-100.0,-100.0
2010-05-15,0.7803,-0.2545,-0.27840000000000004,-100.0,-100.0
2010-05-16,0.765,-0.25420000000000004,-0.2399,-100.0,-100.0
2010-05-17,0.7517,-0.2451,-0.2172,-100.0,-100.0
2010-05-18,0.7432000000000001,-0.2422,-0.1883,-100.0,-100.0
2010-05-19,0.7338,-0.2274,-0.15610000000000002,-100.0,-100.0
2010-05-20,0.7248,-0.23,-0.1391,-100.0,-100.0
2010-05-21,0.7194,-0.2272,-0.1102,-100.0,-100.0
2010-05-22,0.7142000000000001,-0.2265,-0.0801,-100.0,-100.0
2010-05-23,0.7113,-0.2332,-0.0533,-100.0,-100.0
2010-05-24,0.7076,-0.2273,-0.0335,-100.0,-100.0
2010-05-25,0.7082,-0.2491,-0.0329,-100.0,-100.0
2010-05-26,0.7058,-0.25630000000000003,-0.038700000000000005,-100.0,-100.0
2010-05-27,0.7047,-0.2674,-0.030500000000000006,-100.0,-100.0
2010-05-28,0.6998000000000001,-0.2657,-0.0315,-100.0,-100.0
2010-05-29,0.6981,-0.2676,-0.0342,-100.0,-100.0
2010-05-30,0.6955,-0.2721,-0.0352,-100.0,-100.0
2010-05-31,0.6919000000000001,-0.2696,-0.0381,-100.0,-100.0
2010-06-01,0.6881,-0.2614,-0.0376,-100.0,-100.0
2010-06-02,0.6838000000000001,-0.26480000000000004,-0.0463,-100.0,-100.0
2010-06-03,0.6788000000000001,-0.2495,-0.0527,-100.0,-100.0
2010-06-04,0.6743,-0.2423,-0.0523,-100.0,-100.0
2010-06-05,0.67,-0.2215,-0.0383,-100.0,-100.0
2010-06-06,0.6649,-0.2023,-0.0344,-100.0,-100.0
2010-06-07,0.6592,-0.1933,-0.0313,-100.0,-100.0
2010-06-08,0.6551,-0.1776,-0.0337,-100.0,-100.0
2010-06-09,0.6525000000000001,-0.1688,-0.0324,-100.0,-100.0
2010-06-10,0.6505000000000001,-0.1436,-0.0178,-100.0,-100.0
2010-06-11,0.6494,-0.14170000000000002,-0.0191,-100.0,-100.0
2010-06-12,0.6496000000000001,-0.1333,-0.0096,-100.0,-100.0
2010-06-13,0.6465000000000001,-0.1247,-0.0245,-100.0,-100.0
2010-06-14,0.6518,-0.119,-0.0377,-100.0,-100.0
2010-06-15,0.6507000000000001,-0.1224,-0.057999999999999996,-100.0,-100.0
2010-06-16,0.653,-0.1181,-0.0717,-100.0,-100.0
2010-06-17,0.6504,-0.1131,-0.0889,-100.0,-100.0
2010-06-18,0.65,-0.1046,-0.1136,-100.0,-100.0
2010-06-19,0.6445000000000001,-0.1019,-0.1323,-100.0,-100.0
2010-06-20,0.6417,-0.0978,-0.1507,-100.0,-100.0
2010-06-21,0.6415000000000001,-0.08650000000000001,-0.1572,-100.0,-100.0
2010-06-22,0.6386000000000001,-0.0651,-0.1655,-100.0,-100.0
2010-06-23,0.6357,-0.0366,-0.166,-100.0,-100.0
2010-06-24,0.633,-0.0203,-0.1685,-100.0,-100.0
2010-06-25,0.6298,-0.0043,-0.1579,-100.0,-100.0
2010-06-26,0.6305000000000001,0.0148,-0.1323,-100.0,-100.0
2010-06-27,0.6316,0.0317,-0.1301,-100.0,-100.0
2010-06-28,0.6315000000000001,0.024,-0.1128,-100.0,-100.0
2010-06-29,0.6318,0.0213,-0.0963,-100.0,-100.0
2010-06-30,0.6344000000000001,0.0118,-0.0772,-100.0,-100.0
2010-07-01,0.6345000000000001,0.0068000000000000005,-0.0557,-100.0,-100.0
2010-07-02,0.6352,-0.013,-0.0379,-100.0,-100.0
2010-07-03,0.6344000000000001,-0.036500000000000005,-0.0385,-100.0,-100.0
2010-07-04,0.6384000000000001,-0.0579,-0.0295,-100.0,-100.0
2010-07-05,0.6401,-0.0884,-0.035300000000000005,-100.0,-100.0
2010-07-06,0.6384000000000001,-0.1009,-0.0381,-100.0,-100.0
2010-07-07,0.6413,-0.0946,-0.0563,-100.0,-100.0
2010-07-08,0.642,-0.1001,-0.0604,-100.0,-100.0
2010-07-09,0.6406000000000001,-0.0943,-0.0693,-100.0,-100.0
2010-07-10,0.636,-0.07780000000000001,-0.091,-100.0,-100.0
2010-07-11,0.6326,-0.07100000000000001,-0.1079,-100.0,-100.0
2010-07-12,0.6287,-0.0549,-0.1359,-100.0,-100.0
2010-07-13,0.622,-0.0361,-0.14200000000000002,-100.0,-100.0
2010-07-14,0.624,-0.0201,-0.1405,-100.0,-100.0
2010-07-15,0.6189,0.0162,-0.1259,-100.0,-100.0
2010-07-16,0.6112000000000001,0.0302,-0.1264,-100.0,-100.0
2010-07-17,0.6045,0.0595,-0.1254,-100.0,-100.0
2010-07-18,0.5966,0.0867,-0.1203,-100.0,-100.0
2010-07-19,0.5948,0.10099999999999999,-0.09300000000000001,-100.0,-100.0
2010-07-20,0.5961000000000001,0.1289,-0.06000000000000001,-100.0,-100.0
2010-07-21,0.5974,0.14850000000000002,-0.037000000000000005,-100.0,-100.0
2010-07-22,0.5959,0.16,-0.0088,-100.0,-100.0
2010-07-23,0.6013000000000001,0.1663,0.0103,-100.0,-100.0
2010-07-24,0.6079,0.16390000000000002,0.0306,-100.0,-100.0
2010-07-25,0.6086,0.1517,0.066,-100.0,-100.0
2010-07-26,0.6124,0.1515,0.0901,-100.0,-100.0
2010-07-27,0.6199,0.14700000000000002,0.1051,-100.0,-100.0
2010-07-28,0.6226,0.1535,0.1275,-100.0,-100.0
2010-07-29,0.6277,0.1414,0.1657,-100.0,-100.0
2010-07-30,0.6301,0.1381,0.1757,-100.0,-100.0
2010-07-31,0.6343,0.1253,0.1941,-100.0,-100.0
2010-08-01,0.6371,0.1306,0.2021,-100.0,-100.0
2010-08-02,0.642,0.1212,0.2222,-100.0,-100.0
2010-08-03,0.648,0.1088,0.2207,-100.0,-100.0
2010-08-04,0.6502,0.1046,0.2125,-100.0,-100.0
2010-08-05,0.65,0.1181,0.2085,-100.0,-100.0
2010-08-06,0.648,0.1092,0.2078,-100.0,-100.0
2010-08-07,0.6495000000000001,0.1028,0.2196,-100.0,-100.0
2010-08-08,0.6483,0.0884,0.2009,-100.0,-100.0
2010-08-09,0.6479,0.099,0.187,-100.0,-100.0
2010-08-10,0.6454000000000001,0.1076,0.1911,-100.0,-100.0
2010-08-11,0.6414000000000001,0.1212,0.1825,-100.0,-100.0
2010-08-12,0.6409999999999999,0.1195,0.1979,-100.0,-100.0
2010-08-13,0.6355000000000001,0.1325,0.2045,-100.0,-100.0
2010-08-14,0.6309,0.1531,0.2095,-100.0,-100.0
2010-08-15,0.6279,0.1539,0.225,-100.0,-100.0
2010-08-16,0.6224000000000001,0.16590000000000002,0.2241,-100.0,-100.0
2010-08-17,0.6232,0.1646,0.2389,-100.0,-100.0
2010-08-18,0.6214000000000001,0.1603,0.2479,-100.0,-100.0
2010-08-19,0.6208,0.1471,0.25630000000000003,-100.0,-100.0
2010-08-20,0.6211,0.1411,0.2624,-100.0,-100.0
2010-08-21,0.624,0.1268,0.2626,-100.0,-100.0
2010-08-22,0.6253000000000001,0.1302,0.2726,-100.0,-100.0
2010-08-23,0.6362,0.1085,0.2686,-100.0,-100.0
2010-08-24,0.6419,0.1056,0.2641,-100.0,-100.0
2010-08-25,0.6469,0.1101,0.2497,-100.0,-100.0
2010-08-26,0.6497,0.0918,0.2329,-100.0,-100.0
2010-08-27,0.6535000000000001,0.0787,0.2238,-100.0,-100.0
2010-08-28,0.6536000000000001,0.091,0.2096,-100.0,-100.0
2010-08-29,0.6544,0.0888,0.2051,-100.0,-100.0
2010-08-30,0.6551,0.0957,0.1977,-100.0,-100.0
2010-08-31,0.6535000000000001,0.1122,0.1926,-100.0,-100.0
2010-09-01,0.6507000000000001,0.1196,0.1939,-100.0,-100.0
2010-09-02,0.6493,0.1312,0.1985,-100.0,-100.0
2010-09-03,0.6476000000000001,0.16970000000000002,0.212,-100.0,-100.0
2010-09-04,0.6432,0.1897,0.2274,-100.0,-100.0
2010-09-05,0.6429,0.2129,0.21899999999999997,-100.0,-100.0
2010-09-06,0.6385000000000001,0.2566,0.2334,-100.0,-100.0
2010-09-07,0.6366,0.29300000000000004,0.2191,-100.0,-100.0
2010-09-08,0.634,0.33440000000000003,0.2019,-100.0,-100.0
2010-09-09,0.633,0.3646,0.1933,-100.0,-100.0
2010-09-10,0.6312,0.4069,0.1814,-100.0,-100.0
2010-09-11,0.6303000000000001,0.4363,0.17070000000000002,-100.0,-100.0
2010-09-12,0.6283000000000001,0.4731,0.15330000000000002,-100.0,-100.0
2010-09-13,0.6281,0.4879,0.12990000000000002,-100.0,-100.0
2010-09-14,0.6248,0.5197,0.12660000000000002,-100.0,-100.0
2010-09-15,0.6239,0.5255000000000001,0.0992,-100.0,-100.0
2010-09-16,0.6203000000000001,0.5377000000000001,0.07690000000000001,-100.0,-100.0
2010-09-17,0.6173000000000001,0.5341,0.0654,-100.0,-100.0
2010-09-18,0.6139,0.5284,0.046200000000000005,-100.0,-100.0
2010-09-19,0.6136,0.5124000000000001,0.0361,-100.0,-100.0
2010-09-20,0.6082000000000001,0.5043,0.0076,-100.0,-100.0
2010-09-21,0.6037,0.478,-0.0111,-100.0,-100.0
2010-09-22,0.6011000000000001,0.4579,-0.0092,-100.0,-100.0
2010-09-23,0.5933,0.4203,-0.0117,-100.0,-100.0
2010-09-24,0.5882000000000001,0.4151,-0.0137,-100.0,-100.0
2010-09-25,0.5814,0.3603,-0.0079,-100.0,-100.0
2010-09-26,0.5736,0.3547,-0.0137,-100.0,-100.0
2010-09-27,0.5653,0.3256,-0.006999999999999999,-100.0,-100.0
2010-09-28,0.5616,0.3022,0.0009000000000000002,-100.0,-100.0
2010-09-29,0.557,0.2994,0.0195,-100.0,-100.0
2010-09-30,0.5489,0.28450000000000003,0.033100000000000004,-100.0,-100.0
2010-10-01,0.546,0.2922,0.057,-100.0,-100.0
2010-10-02,0.5449,0.2765,0.0734,-100.0,-100.0
2010-10-03,0.545,0.26730000000000004,0.0944,-100.0,-100.0
2010-10-04,0.5471,0.2921,0.1123,-100.0,-100.0
2010-10-05,0.5437000000000001,0.30260000000000004,0.12940000000000002,-100.0,-100.0
2010-10-06,0.5418000000000001,0.30460000000000004,0.1297,-100.0,-100.0
2010-10-07,0.5429,0.30810000000000004,0.14020000000000002,-100.0,-100.0
2010-10-08,0.5407000000000001,0.33290000000000003,0.1352,-100.0,-100.0
2010-10-09,0.5363,0.35300000000000004,0.1452,-100.0,-100.0
2010-10-10,0.5338,0.3648,0.1491,-100.0,-100.0
2010-10-11,0.5292,0.3814,0.1385,-100.0,-100.0
2010-10-12,0.5279,0.3735,0.1254,-100.0,-100.0
2010-10-13,0.5257000000000001,0.3698,0.1244,-100.0,-100.0
2010-10-14,0.5211,0.3636,0.1203,-100.0,-100.0
2010-10-15,0.5228,0.3802,0.1246,-100.0,-100.0
2010-10-16,0.5165000000000001,0.3584,0.1069,-100.0,-100.0
2010-10-17,0.5107,0.3427,0.0969,-100.0,-100.0
2010-10-18,0.5052,0.3252,0.0996,-100.0,-100.0
2010-10-19,0.5068,0.2898,0.1181,-100.0,-100.0
2010-10-20,0.5064000000000001,0.2692,0.1369,-100.0,-100.0
2010-10-21,0.5067,0.223,0.1142,-100.0,-100.0
2010-10-22,0.5071,0.1959,0.1088,-100.0,-100.0
2010-10-23,0.5057,0.1648,0.1125,-100.0,-100.0
2010-10-24,0.5056,0.1403,0.1164,-100.0,-100.0
2010-10-25,0.5067,0.1353,0.132,-100.0,-100.0
2010-10-26,0.5061,0.1186,0.1379,-100.0,-100.0
2010-10-27,0.5078,0.118,0.16090000000000002,-100.0,-100.0
2010-10-28,0.5102,0.1039,0.1766,-100.0,-100.0
2010-10-29,0.5078,0.1127,0.1812,-100.0,-100.0
2010-10-30,0.5101,0.1065,0.1809,-100.0,-100.0
2010-10-31,0.5119,0.0599,0.1881,-100.0,-100.0
2010-11-01,0.5114000000000001,0.0372,0.1958,-100.0,-100.0
2010-11-02,0.508,0.0111,0.2022,-100.0,-100.0
2010-11-03,0.508,0.0361,0.2016,-100.0,-100.0
2010-11-04,0.5072,0.0578,0.1973,-100.0,-100.0
2010-11-05,0.5073,0.0815,0.2034,-100.0,-100.0
2010-11-06,0.5067,0.1048,0.1996,-100.0,-100.0
2010-11-07,0.507,0.1242,0.1945,-100.0,-100.0
2010-11-08,0.5028,0.1572,0.17600000000000002,-100.0,-100.0
2010-11-09,0.5014000000000001,0.1935,0.1705,-100.0,-100.0
2010-11-10,0.4955,0.2295,0.1594,-100.0,-100.0
2010-11-11,0.4928,0.2723,0.1552,-100.0,-100.0
2010-11-12,0.4903,0.30720000000000003,0.1421,-100.0,-100.0
2010-11-13,0.4882,0.3463,0.1311,-100.0,-100.0
2010-11-14,0.4863,0.3764,0.1144,-100.0,-100.0
2010-11-15,0.4833,0.3926,0.1055,-100.0,-100.0
2010-11-16,0.4798,0.4101,0.0917,-100.0,-100.0
2010-11-17,0.4752,0.4049,0.075,-100.0,-100.0
2010-11-18,0.4757,0.392,0.079,-100.0,-100.0
2010-11-19,0.4735,0.4018000000000001,0.0637,-100.0,-100.0
2010-11-20,0.4726,0.3792,0.054700000000000006,-100.0,-100.0
2010-11-21,0.4674,0.3685,0.0418,-100.0,-100.0
2010-11-22,0.4639,0.3546,0.0376,-100.0,-100.0
2010-11-23,0.4603,0.33030000000000004,0.0325,-100.0,-100.0
2010-11-24,0.4566,0.2962,0.0226,-100.0,-100.0
2010-11-25,0.4511,0.28300000000000003,0.0105,-100.0,-100.0
2010-11-26,0.4467,0.25720000000000004,0.0031000000000000003,-100.0,-100.0
2010-11-27,0.4421000000000001,0.2193,-0.004,-100.0,-100.0
2010-11-28,0.4355,0.1867,-0.0216,-100.0,-100.0
2010-11-29,0.4319,0.16399999999999998,-0.0221,-100.0,-100.0
2010-11-30,0.4214,0.16820000000000002,-0.0115,-100.0,-100.0
2010-12-01,0.4168,0.14250000000000002,-0.0029,-100.0,-100.0
2010-12-02,0.4122,0.1181,-0.0024,-100.0,-100.0
2010-12-03,0.4092,0.0772,0.0104,-100.0,-100.0
2010-12-04,0.408,0.0563,0.0269,-100.0,-100.0
2010-12-05,0.4068,0.0528,0.0356,-100.0,-100.0
2010-12-06,0.4068,0.027100000000000003,0.048,-100.0,-100.0
2010-12-07,0.4055,0.03,0.046,-100.0,-100.0
2010-12-08,0.4046,0.0247,0.0507,-100.0,-100.0
2010-12-09,0.4095,0.008700000000000001,0.0551,-100.0,-100.0
2010-12-10,0.4135,-0.0028,0.0616,-100.0,-100.0
2010-12-11,0.414,-0.0056,0.0614,-100.0,-100.0
2010-12-12,0.4171,-0.0037,0.0654,-100.0,-100.0
2010-12-13,0.4208,-0.0256,0.0579,-100.0,-100.0
2010-12-14,0.4234,-0.0114,0.0599,-100.0,-100.0
2010-12-15,0.4262,-0.018500000000000003,0.0587,-100.0,-100.0
2010-12-16,0.4305,-0.0143,0.0532,-100.0,-100.0
2010-12-17,0.4335,-0.0008,0.0779,-100.0,-100.0
2010-12-18,0.4362,0.0011,0.07930000000000001,-100.0,-100.0
2010-12-19,0.4377,0.0207,0.07250000000000001,-100.0,-100.0
2010-12-20,0.4394,0.0328,0.07740000000000001,-100.0,-100.0
2010-12-21,0.4397,0.0356,0.08410000000000001,-100.0,-100.0
2010-12-22,0.4402,0.0415,0.09699999999999999,-100.0,-100.0
2010-12-23,0.44299999999999995,0.0465,0.1124,-100.0,-100.0
2010-12-24,0.4437,0.0494,0.1273,-100.0,-100.0
2010-12-25,0.4456,0.05710000000000001,0.1358,-100.0,-100.0
2010-12-26,0.4487,0.0507,0.14600000000000002,-100.0,-100.0
2010-12-27,0.4512000000000001,0.0471,0.16160000000000002,-100.0,-100.0
2010-12-28,0.4564,0.0497,0.1733,-100.0,-100.0
2010-12-29,0.46299999999999997,0.0369,0.1837,-100.0,-100.0
2010-12-30,0.4748,0.017400000000000002,0.1827,-100.0,-100.0
2010-12-31,0.4792,-0.0104,0.1719,-100.0,-100.0
2011-01-01,0.4821,0.0102,0.1617,-100.0,-100.0
2011-01-02,0.4811,0.0039,0.1403,-100.0,-100.0
2011-01-03,0.4806,-0.0235,0.1327,-100.0,-100.0
2011-01-04,0.4803,-0.0252,0.1238,-100.0,-100.0
2011-01-05,0.48,-0.0378,0.1162,-100.0,-100.0
2011-01-06,0.4804000000000001,-0.0488,0.1127,-100.0,-100.0
2011-01-07,0.4767,-0.0471,0.1076,-100.0,-100.0
2011-01-08,0.4761,-0.046700000000000005,0.1093,-100.0,-100.0
2011-01-09,0.4735,-0.0493,0.1216,-100.0,-100.0
2011-01-10,0.4706,-0.032600000000000004,0.1371,-100.0,-100.0
2011-01-11,0.4721,-0.0287,0.1433,-100.0,-100.0
2011-01-12,0.4738,-0.0213,0.158,-100.0,-100.0
2011-01-13,0.4764000000000001,-0.0179,0.1803,-100.0,-100.0
2011-01-14,0.4787,-0.0131,0.1843,-100.0,-100.0
2011-01-15,0.4828,-0.0239,0.1884,-100.0,-100.0
2011-01-16,0.483,-0.0114,0.1797,-100.0,-100.0
2011-01-17,0.488,-0.020200000000000003,0.1811,-100.0,-100.0
2011-01-18,0.4921,-0.0143,0.1847,-100.0,-100.0
2011-01-19,0.4986,-0.0109,0.1719,-100.0,-100.0
2011-01-20,0.5024000000000001,-0.0148,0.161,-100.0,-100.0
2011-01-21,0.5072,-0.0047,0.1626,-100.0,-100.0
2011-01-22,0.5126000000000001,0.0029,0.15,-100.0,-100.0
2011-01-23,0.5173,-0.0028,0.13240000000000002,-100.0,-100.0
2011-01-24,0.5231,0.0023,0.1239,-100.0,-100.0
2011-01-25,0.527,-0.0098,0.1141,-100.0,-100.0
2011-01-26,0.53,0.0011,0.1062,-100.0,-100.0
2011-01-27,0.534,-0.0147,0.0922,-100.0,-100.0
2011-01-28,0.535,-0.0195,0.0863,-100.0,-100.0
2011-01-29,0.5359,-0.030500000000000006,0.0879,-100.0,-100.0
2011-01-30,0.5353,-0.0362,0.0867,-100.0,-100.0
2011-01-31,0.5383,-0.0176,0.0848,-100.0,-100.0
2011-02-01,0.5396000000000001,-0.048400000000000006,0.0941,-100.0,-100.0
2011-02-02,0.5396000000000001,-0.0471,0.092,-100.0,-100.0
2011-02-03,0.541,-0.0487,0.0953,-100.0,-100.0
2011-02-04,0.5432,-0.0503,0.0991,-100.0,-100.0
2011-02-05,0.5452,-0.06670000000000001,0.0985,-100.0,-100.0
2011-02-06,0.5447000000000001,-0.07060000000000001,0.0935,-100.0,-100.0
2011-02-07,0.545,-0.0792,0.0918,-100.0,-100.0
2011-02-08,0.5452,-0.07830000000000001,0.0888,-100.0,-100.0
2011-02-09,0.5461,-0.08900000000000001,0.07980000000000001,-100.0,-100.0
2011-02-10,0.5471,-0.091,0.0736,-100.0,-100.0
2011-02-11,0.5451,-0.1081,0.06050000000000001,-100.0,-100.0
2011-02-12,0.546,-0.1152,0.0659,-100.0,-100.0
2011-02-13,0.5456,-0.1229,0.0614,-100.0,-100.0
2011-02-14,0.545,-0.1227,0.0463,-100.0,-100.0
2011-02-15,0.5431,-0.1317,0.0339,-100.0,-100.0
2011-02-16,0.5401,-0.14170000000000002,0.0217,-100.0,-100.0
2011-02-17,0.5396000000000001,-0.1451,0.0193,-100.0,-100.0
2011-02-18,0.5386000000000001,-0.1574,0.0046,-100.0,-100.0
2011-02-19,0.5374,-0.1753,-0.003,-100.0,-100.0
2011-02-20,0.5351,-0.185,-0.0083,-100.0,-100.0
2011-02-21,0.5332,-0.1862,-0.0177,-100.0,-100.0
2011-02-22,0.532,-0.187,-0.0204,-100.0,-100.0
2011-02-23,0.5309,-0.2055,-0.0246,-100.0,-100.0
2011-02-24,0.5312,-0.2124,-0.0241,-100.0,-100.0
2011-02-25,0.5307000000000001,-0.2196,-0.0228,-100.0,-100.0
2011-02-26,0.5303,-0.2209,-0.0196,-100.0,-100.0
2011-02-27,0.5281,-0.2264,-0.0226,-100.0,-100.0
2011-02-28,0.5282,-0.2372,-0.0172,-100.0,-100.0
2011-03-01,0.5275000000000001,-0.2436,-0.002,-100.0,-100.0
2011-03-02,0.5236000000000001,-0.2405,-0.0072000000000000015,-100.0,-100.0
2011-03-03,0.5228,-0.2487,0.0115,-100.0,-100.0
2011-03-04,0.5246000000000001,-0.2415,0.0187,-100.0,-100.0
2011-03-05,0.5283,-0.2426,0.0289,-100.0,-100.0
2011-03-06,0.5337000000000001,-0.2474,0.0335,-100.0,-100.0
2011-03-07,0.5379999999999999,-0.2402,0.0335,-100.0,-100.0
2011-03-08,0.5423,-0.2398,0.029400000000000006,-100.0,-100.0
2011-03-09,0.5459,-0.23399999999999999,0.023,-100.0,-100.0
2011-03-10,0.5493,-0.2369,0.0114,-100.0,-100.0
2011-03-11,0.5529999999999999,-0.2318,0.0039,-100.0,-100.0
2011-03-12,0.5567,-0.2442,-0.0093,-100.0,-100.0
2011-03-13,0.5592,-0.2329,-0.0203,-100.0,-100.0
2011-03-14,0.5612,-0.2367,-0.0327,-100.0,-100.0
2011-03-15,0.5637,-0.2366,-0.0409,-100.0,-100.0
2011-03-16,0.5669000000000001,-0.2408,-0.0489,-100.0,-100.0
2011-03-17,0.5667,-0.2506,-0.0567,-100.0,-100.0
2011-03-18,0.5648000000000001,-0.27540000000000003,-0.0618,-100.0,-100.0
2011-03-19,0.5643,-0.2691,-0.05930000000000001,-100.0,-100.0
2011-03-20,0.5634,-0.2763,-0.0649,-100.0,-100.0
2011-03-21,0.5634,-0.28390000000000004,-0.06050000000000001,-100.0,-100.0
2011-03-22,0.5622,-0.29450000000000004,-0.0601,-100.0,-100.0
2011-03-23,0.5608000000000001,-0.29200000000000004,-0.055200000000000006,-100.0,-100.0
2011-03-24,0.5598000000000001,-0.2836,-0.048400000000000006,-100.0,-100.0
2011-03-25,0.5602,-0.27240000000000003,-0.0345,-100.0,-100.0
2011-03-26,0.5592,-0.2661,-0.0328,-100.0,-100.0
2011-03-27,0.5601,-0.2617,-0.029900000000000006,-100.0,-100.0
2011-03-28,0.5586,-0.2565,-0.027600000000000003,-100.0,-100.0
2011-03-29,0.5586,-0.2495,-0.0117,-100.0,-100.0
2011-03-30,0.5565,-0.2245,-0.0189,-100.0,-100.0
2011-03-31,0.5588000000000001,-0.2234,-0.0115,-100.0,-100.0
2011-04-01,0.5589999999999999,-0.2353,0.0036000000000000008,-100.0,-100.0
2011-04-02,0.5619000000000001,-0.2269,0.0078,-100.0,-100.0
2011-04-03,0.5609000000000001,-0.2206,0.0133,-100.0,-100.0
2011-04-04,0.5616,-0.2109,0.0212,-100.0,-100.0
2011-04-05,0.5628000000000001,-0.1992,0.0332,-100.0,-100.0
2011-04-06,0.5642,-0.1928,0.034,-100.0,-100.0
2011-04-07,0.5641,-0.1868,0.0376,-100.0,-100.0
2011-04-08,0.5665,-0.1731,0.0362,-100.0,-100.0
2011-04-09,0.5652,-0.1751,0.0303,-100.0,-100.0
2011-04-10,0.5660000000000001,-0.1662,0.0413,-100.0,-100.0
2011-04-11,0.5647,-0.16060000000000002,0.0476,-100.0,-100.0
2011-04-12,0.5645,-0.1519,0.051,-100.0,-100.0
2011-04-13,0.5662,-0.141,0.055200000000000006,-100.0,-100.0
2011-04-14,0.5654,-0.13920000000000002,0.05930000000000001,-100.0,-100.0
2011-04-15,0.5664,-0.1338,0.0738,-100.0,-100.0
2011-04-16,0.5669000000000001,-0.138,0.0762,-100.0,-100.0
2011-04-17,0.5704,-0.16590000000000002,0.08990000000000001,-100.0,-100.0
2011-04-18,0.5676,-0.14980000000000002,0.1153,-100.0,-100.0
2011-04-19,0.5706,-0.1531,0.1343,-100.0,-100.0
2011-04-20,0.5737,-0.1579,0.14600000000000002,-100.0,-100.0
2011-04-21,0.5776,-0.15230000000000002,0.15810000000000002,-100.0,-100.0
2011-04-22,0.5796,-0.1466,0.1552,-100.0,-100.0
2011-04-23,0.5843,-0.15180000000000002,0.1625,-100.0,-100.0
2011-04-24,0.5876,-0.1486,0.1497,-100.0,-100.0
2011-04-25,0.5902000000000001,-0.1426,0.13670000000000002,-100.0,-100.0
2011-04-26,0.5953,-0.1424,0.1311,-100.0,-100.0
2011-04-27,0.5994,-0.15,0.1227,-100.0,-100.0
2011-04-28,0.6045,-0.1657,0.1004,-100.0,-100.0
2011-04-29,0.6079,-0.1814,0.0756,-100.0,-100.0
2011-04-30,0.6075,-0.1838,0.0449,-100.0,-100.0
2011-05-01,0.6083000000000001,-0.1822,0.031900000000000005,-100.0,-100.0
2011-05-02,0.606,-0.17350000000000002,0.006900000000000001,-100.0,-100.0
2011-05-03,0.6061000000000001,-0.17650000000000002,-0.009000000000000001,-100.0,-100.0
2011-05-04,0.6031000000000001,-0.1718,-0.0227,-100.0,-100.0
2011-05-05,0.6028,-0.1539,-0.038700000000000005,-100.0,-100.0
2011-05-06,0.6028,-0.1501,-0.0438,-100.0,-100.0
2011-05-07,0.6025,-0.1496,-0.0448,-100.0,-100.0
2011-05-08,0.6016,-0.1476,-0.041100000000000005,-100.0,-100.0
2011-05-09,0.6016,-0.1499,-0.032,-100.0,-100.0
2011-05-10,0.6011000000000001,-0.1429,-0.0183,-100.0,-100.0
2011-05-11,0.6006,-0.13870000000000002,0.0013000000000000002,-100.0,-100.0
2011-05-12,0.6004,-0.1408,0.026500000000000003,-100.0,-100.0
2011-05-13,0.5999,-0.1371,0.0448,-100.0,-100.0
2011-05-14,0.6029,-0.127,0.0713,-100.0,-100.0
2011-05-15,0.6043000000000001,-0.127,0.0825,-100.0,-100.0
2011-05-16,0.6036,-0.12940000000000002,0.0947,-100.0,-100.0
2011-05-17,0.6096,-0.16770000000000002,0.1162,-100.0,-100.0
2011-05-18,0.6137,-0.1471,0.13,-100.0,-100.0
2011-05-19,0.617,-0.1502,0.1419,-100.0,-100.0
2011-05-20,0.6223000000000001,-0.1358,0.1512,-100.0,-100.0
2011-05-21,0.6268,-0.1325,0.1632,-100.0,-100.0
2011-05-22,0.6289,-0.1197,0.1541,-100.0,-100.0
2011-05-23,0.6326,-0.1219,0.1648,-100.0,-100.0
2011-05-24,0.6357,-0.1111,0.1653,-100.0,-100.0
2011-05-25,0.6394000000000001,-0.1055,0.1678,-100.0,-100.0
2011-05-26,0.6426000000000001,-0.103,0.17750000000000002,-100.0,-100.0
2011-05-27,0.6464000000000001,-0.0936,0.1834,-100.0,-100.0
2011-05-28,0.6513,-0.08070000000000001,0.1951,-100.0,-100.0
2011-05-29,0.6551,-0.050800000000000005,0.1978,-100.0,-100.0
2011-05-30,0.6592,-0.0613,0.1994,-100.0,-100.0
2011-05-31,0.6616000000000001,-0.0495,0.2007,-100.0,-100.0
2011-06-01,0.6623,-0.0432,0.2052,-100.0,-100.0
2011-06-02,0.6626000000000001,-0.041100000000000005,0.2056,-100.0,-100.0
2011-06-03,0.6619,-0.028999999999999998,0.2046,-100.0,-100.0
2011-06-04,0.6607000000000001,-0.0141,0.2071,-100.0,-100.0
2011-06-05,0.6602,-0.0101,0.2143,-100.0,-100.0
2011-06-06,0.6604,0.0022,0.2249,-100.0,-100.0
2011-06-07,0.6607000000000001,-0.0046,0.2234,-100.0,-100.0
2011-06-08,0.6596000000000001,-0.0072000000000000015,0.2318,-100.0,-100.0
2011-06-09,0.659,-0.0108,0.233,-100.0,-100.0
2011-06-10,0.6574,-0.0014,0.2375,-100.0,-100.0
2011-06-11,0.6554,-0.0006000000000000001,0.2304,-100.0,-100.0
2011-06-12,0.654,0.002,0.2287,-100.0,-100.0
2011-06-13,0.6552,0.0112,0.2299,-100.0,-100.0
2011-06-14,0.6565000000000001,0.0081,0.2335,-100.0,-100.0
2011-06-15,0.6562,0.0148,0.2334,-100.0,-100.0
2011-06-16,0.6602,-0.0088,0.2205,-100.0,-100.0
2011-06-17,0.6614,-0.0026000000000000003,0.2013,-100.0,-100.0
2011-06-18,0.6591,0.0117,0.1911,-100.0,-100.0
2011-06-19,0.6576000000000001,0.0216,0.17650000000000002,-100.0,-100.0
2011-06-20,0.6537000000000001,0.043300000000000005,0.1602,-100.0,-100.0
2011-06-21,0.6542,0.0584,0.1479,-100.0,-100.0
2011-06-22,0.6515000000000001,0.0748,0.12990000000000002,-100.0,-100.0
2011-06-23,0.6501,0.0864,0.1148,-100.0,-100.0
2011-06-24,0.6467,0.1006,0.1068,-100.0,-100.0
2011-06-25,0.6438,0.1159,0.0969,-100.0,-100.0
2011-06-26,0.6373,0.1451,0.0911,-100.0,-100.0
2011-06-27,0.636,0.1688,0.0994,-100.0,-100.0
2011-06-28,0.6351,0.1874,0.1025,-100.0,-100.0
2011-06-29,0.6337,0.193,0.1018,-100.0,-100.0
2011-06-30,0.6291,0.2155,0.1036,-100.0,-100.0
2011-07-01,0.6288,0.2123,0.1121,-100.0,-100.0
2011-07-02,0.6287,0.2237,0.1197,-100.0,-100.0
2011-07-03,0.6293000000000001,0.2207,0.1313,-100.0,-100.0
2011-07-04,0.6289,0.2143,0.1268,-100.0,-100.0
2011-07-05,0.6317,0.1918,0.1491,-100.0,-100.0
2011-07-06,0.6372,0.1827,0.1359,-100.0,-100.0
2011-07-07,0.6391,0.151,0.1415,-100.0,-100.0
2011-07-08,0.6414000000000001,0.1517,0.1461,-100.0,-100.0
2011-07-09,0.6443,0.1325,0.15030000000000002,-100.0,-100.0
2011-07-10,0.6455000000000001,0.1111,0.1426,-100.0,-100.0
2011-07-11,0.6475000000000001,0.0936,0.14830000000000002,-100.0,-100.0
2011-07-12,0.6492,0.0997,0.155,-100.0,-100.0
2011-07-13,0.6509999999999999,0.0849,0.1567,-100.0,-100.0
2011-07-14,0.6521,0.0779,0.1541,-100.0,-100.0
2011-07-15,0.6535000000000001,0.0736,0.1607,-100.0,-100.0
2011-07-16,0.6542,0.0546,0.1822,-100.0,-100.0
2011-07-17,0.6568,0.05930000000000001,0.1989,-100.0,-100.0
2011-07-18,0.6588,0.0675,0.1916,0.6588,-100.0
2011-07-19,0.6632,0.0887,0.1843,0.6632,-100.0
2011-07-20,0.6659999999999999,0.1052,0.1767,0.6659999999999999,-100.0
2011-07-21,0.6693,0.1269,0.17370000000000002,0.6693,-100.0
2011-07-22,0.6717000000000001,0.1652,0.17420000000000002,0.6717000000000001,-100.0
2011-07-23,0.6756,0.2006,0.1642,0.6756,-100.0
2011-07-24,0.6769000000000001,0.2226,0.1492,0.6769000000000001,-100.0
2011-07-25,0.6784,0.2499,0.1361,0.6784,-100.0
2011-07-26,0.6799000000000001,0.273,0.11699999999999999,0.6799000000000001,-100.0
2011-07-27,0.6808000000000001,0.28340000000000004,0.1095,0.6808000000000001,-100.0
2011-07-28,0.6824,0.3023,0.0939,0.6824,-100.0
2011-07-29,0.6836,0.327,0.0826,0.6836,-100.0
2011-07-30,0.6795,0.33790000000000003,0.0604,0.6795,-100.0
2011-07-31,0.6777000000000001,0.33140000000000003,0.0464,0.6777000000000001,-100.0
2011-08-01,0.6722,0.335,0.031,0.6722,-100.0
2011-08-02,0.6679,0.3388,0.0284,0.6679,-100.0
2011-08-03,0.6634,0.33799999999999997,0.0296,0.6634,-100.0
2011-08-04,0.6584,0.34650000000000003,0.0286,0.6584,-100.0
2011-08-05,0.654,0.3365,-0.0012,0.654,-100.0
2011-08-06,0.65,0.3265,0.0011,0.65,-100.0
2011-08-07,0.6446000000000001,0.3205,0.0033,0.6446000000000001,-100.0
2011-08-08,0.6387,0.30610000000000004,0.0172,0.6387,-100.0
2011-08-09,0.6369,0.2898,0.0286,0.6369,-100.0
2011-08-10,0.6322,0.28290000000000004,0.042,0.6322,-100.0
2011-08-11,0.6295000000000001,0.2655,0.0367,0.6295000000000001,-100.0
2011-08-12,0.627,0.2657,0.0528,0.627,-100.0
2011-08-13,0.6268,0.28340000000000004,0.0618,0.6268,-100.0
2011-08-14,0.6294000000000001,0.2873,0.07970000000000001,0.6294000000000001,-100.0
2011-08-15,0.6371,0.2823,0.0748,0.6371,-100.0
2011-08-16,0.6398,0.2954,0.08460000000000001,0.6398,-100.0
2011-08-17,0.6386000000000001,0.2964,0.0938,0.6386000000000001,-100.0
2011-08-18,0.6394000000000001,0.3012,0.1105,0.6394000000000001,-100.0
2011-08-19,0.6386000000000001,0.3088,0.114,0.6386000000000001,-100.0
2011-08-20,0.6407,0.303,0.1306,0.6407,-100.0
2011-08-21,0.6367,0.3316,0.1275,0.6367,-100.0
2011-08-22,0.6375000000000001,0.3294,0.13490000000000002,0.6375000000000001,-100.0
2011-08-23,0.6374000000000001,0.33899999999999997,0.1436,0.6374000000000001,-100.0
2011-08-24,0.6356,0.3375,0.1432,0.6356,-100.0
2011-08-25,0.6392,0.34850000000000003,0.13920000000000002,0.6392,-100.0
2011-08-26,0.637,0.3493,0.1213,0.637,-100.0
2011-08-27,0.6321,0.3681,0.0985,0.6321,-100.0
2011-08-28,0.6277,0.3705,0.0884,0.6277,-100.0
2011-08-29,0.6251,0.35960000000000003,0.0671,0.6251,-100.0
2011-08-30,0.6219,0.368,0.0507,0.6219,-100.0
2011-08-31,0.6164000000000001,0.3606,0.045000000000000005,0.6164000000000001,-100.0
2011-09-01,0.6136,0.3632,0.0313,0.6136,-100.0
2011-09-02,0.6111,0.3798,0.0358,0.6111,-100.0
2011-09-03,0.6091,0.3923,0.0517,0.6091,-100.0
2011-09-04,0.6106,0.3962,0.0634,0.6106,-100.0
2011-09-05,0.6092000000000001,0.4103,0.0713,0.6092000000000001,-100.0
2011-09-06,0.6099,0.4295,0.0702,0.6099,-100.0
2011-09-07,0.612,0.436,0.0785,0.612,-100.0
2011-09-08,0.6127,0.452,0.09000000000000001,0.6127,-100.0
2011-09-09,0.6158,0.44799999999999995,0.10800000000000001,0.6158,-100.0
2011-09-10,0.6164000000000001,0.4601,0.1297,0.6164000000000001,-100.0
2011-09-11,0.6184000000000001,0.4644,0.1536,0.6184000000000001,-100.0
2011-09-12,0.6226,0.4704,0.1778,0.6226,-100.0
2011-09-13,0.6293000000000001,0.4693,0.1854,0.6293000000000001,-100.0
2011-09-14,0.6303000000000001,0.4392,0.2029,0.6303000000000001,-100.0
2011-09-15,0.6344000000000001,0.4591,0.2049,0.6344000000000001,-100.0
2011-09-16,0.6379,0.4667,0.1949,0.6379,-100.0
2011-09-17,0.6433,0.4853,0.1972,0.6433,-100.0
2011-09-18,0.6448,0.5077,0.1837,0.6448,-100.0
2011-09-19,0.65,0.5164,0.1739,0.65,-100.0
2011-09-20,0.6509,0.5327000000000001,0.162,0.6509,-100.0
2011-09-21,0.6538,0.5528000000000001,0.14750000000000002,0.6538,-100.0
2011-09-22,0.6549,0.5685,0.154,0.6549,-100.0
2011-09-23,0.6586000000000001,0.5734,0.1409,0.6586000000000001,-100.0
2011-09-24,0.6559,0.5744,0.1274,0.6559,-100.0
2011-09-25,0.6535000000000001,0.5732,0.1228,0.6535000000000001,-100.0
2011-09-26,0.6503,0.5864,0.1092,0.6503,-100.0
2011-09-27,0.6503,0.6191,0.1144,0.6503,-100.0
2011-09-28,0.6436000000000001,0.6152000000000001,0.0986,0.6436000000000001,-100.0
2011-09-29,0.6418,0.6042000000000001,0.08950000000000001,0.6418,-100.0
2011-09-30,0.6403,0.5924,0.0834,0.6403,-100.0
2011-10-01,0.637,0.5983,0.06720000000000001,0.637,-100.0
2011-10-02,0.6343,0.6049,0.06520000000000001,0.6343,-100.0
2011-10-03,0.6341,0.5993,0.0716,0.6341,-100.0
2011-10-04,0.6313000000000001,0.6115,0.0536,0.6313000000000001,-100.0
2011-10-05,0.6287,0.6257,0.0515,0.6287,-100.0
2011-10-06,0.6269,0.6459999999999999,0.034300000000000004,0.6269,-100.0
2011-10-07,0.6254000000000001,0.6549,0.0363,0.6254000000000001,-100.0
2011-10-08,0.623,0.6731,0.0406,0.623,-100.0
2011-10-09,0.6195,0.6868000000000001,0.0449,0.6195,-100.0
2011-10-10,0.6172000000000001,0.6910000000000001,0.047,0.6172000000000001,-100.0
2011-10-11,0.614,0.7127,0.0374,0.614,-100.0
2011-10-12,0.6096,0.7505000000000001,0.0339,0.6096,-100.0
2011-10-13,0.6093000000000001,0.7433000000000001,0.0307,0.6093000000000001,-100.0
2011-10-14,0.6031000000000001,0.7739,0.0268,0.6031000000000001,-100.0
2011-10-15,0.6007,0.7954,0.0274,0.6007,-100.0
2011-10-16,0.5975,0.8118000000000001,0.032600000000000004,0.5975,-100.0
2011-10-17,0.596,0.8428,0.031900000000000005,0.596,-100.0
2011-10-18,0.5926,0.8289000000000001,0.0152,0.5926,-100.0
2011-10-19,0.5908,0.8133,0.005200000000000001,0.5908,-100.0
2011-10-20,0.5890000000000001,0.8084,0.0058000000000000005,0.5890000000000001,-100.0
2011-10-21,0.5867,0.7899,0.0076,0.5867,-100.0
2011-10-22,0.5851000000000001,0.778,-0.0004,0.5851000000000001,-100.0
2011-10-23,0.5827,0.7386,-0.0061,0.5827,-100.0
2011-10-24,0.5787,0.7275,-0.015,0.5787,-100.0
2011-10-25,0.5770000000000001,0.7021000000000001,-0.0146,0.5770000000000001,-100.0
2011-10-26,0.5726,0.659,-0.0132,0.5726,-100.0
2011-10-27,0.5691,0.6219,-0.018500000000000003,0.5691,-100.0
2011-10-28,0.5646,0.597,-0.0132,0.5646,-100.0
2011-10-29,0.5638000000000001,0.5252,-0.0125,0.5638000000000001,-100.0
2011-10-30,0.5562,0.5062,-0.033100000000000004,0.5562,-100.0
2011-10-31,0.5537000000000001,0.4683000000000001,-0.0339,0.5537000000000001,-100.0
2011-11-01,0.5517000000000001,0.421,-0.0298,0.5517000000000001,-100.0
2011-11-02,0.5508000000000001,0.3789,-0.0281,0.5508000000000001,-100.0
2011-11-03,0.5494,0.3549,-0.0207,0.5494,-100.0
2011-11-04,0.5471,0.3291,-0.0121,0.5471,-100.0
2011-11-05,0.5454,0.30010000000000003,-0.0132,0.5454,-100.0
2011-11-06,0.5433,0.27840000000000004,-0.0058000000000000005,0.5433,-100.0
2011-11-07,0.5412,0.2494,-0.0011,0.5412,-100.0
2011-11-08,0.5395,0.2332,0.0155,0.5395,-100.0
2011-11-09,0.5368,0.2289,0.0194,0.5368,-100.0
2011-11-10,0.5325,0.2191,0.0278,0.5325,-100.0
2011-11-11,0.5319,0.2187,0.0414,0.5319,-100.0
2011-11-12,0.5289,0.2244,0.0412,0.5289,-100.0
2011-11-13,0.529,0.2207,0.0478,0.529,-100.0
2011-11-14,0.5247,0.2491,0.0532,0.5247,-100.0
2011-11-15,0.5217,0.2416,0.0494,0.5217,-100.0
2011-11-16,0.5176000000000001,0.2444,0.0531,0.5176000000000001,-100.0
2011-11-17,0.5143,0.2584,0.0551,0.5143,-100.0
2011-11-18,0.5107,0.2695,0.0609,0.5107,-100.0
2011-11-19,0.512,0.25680000000000003,0.0741,0.512,-100.0
2011-11-20,0.5096,0.2692,0.0794,0.5096,-100.0
2011-11-21,0.5058,0.26890000000000003,0.0881,0.5058,-100.0
2011-11-22,0.5038,0.27190000000000003,0.0843,0.5038,-100.0
2011-11-23,0.5002,0.27840000000000004,0.0852,0.5002,-100.0
2011-11-24,0.4959,0.27240000000000003,0.0829,0.4959,-100.0
2011-11-25,0.4942,0.2541,0.0843,0.4942,-100.0
2011-11-26,0.4928,0.2439,0.0765,0.4928,-100.0
2011-11-27,0.4903,0.2462,0.0782,0.4903,-100.0
2011-11-28,0.4900000000000001,0.2262,0.0877,0.4900000000000001,-100.0
2011-11-29,0.4878,0.201,0.0792,0.4878,-100.0
2011-11-30,0.4842,0.1793,0.0752,0.4842,-100.0
2011-12-01,0.4806,0.1652,0.05930000000000001,0.4806,-100.0
2011-12-02,0.4783,0.1446,0.06220000000000001,0.4783,-100.0
2011-12-03,0.4773,0.13920000000000002,0.0604,0.4773,-100.0
2011-12-04,0.4788,0.1341,0.0482,0.4788,-100.0
2011-12-05,0.478,0.0981,0.0393,0.478,-100.0
2011-12-06,0.4809000000000001,0.0799,0.0379,0.4809000000000001,-100.0
2011-12-07,0.4822,0.0698,0.0371,0.4822,-100.0
2011-12-08,0.4819000000000001,0.0687,0.038,0.4819000000000001,-100.0
2011-12-09,0.482,0.0584,0.0345,0.482,-100.0
2011-12-10,0.4826,0.055200000000000006,0.0252,0.4826,-100.0
2011-12-11,0.4841,0.0632,0.0228,0.4841,-100.0
2011-12-12,0.4869,0.0493,0.0096,0.4869,-100.0
2011-12-13,0.4893,0.0609,0.0114,0.4893,-100.0
2011-12-14,0.4914,0.0736,0.0018000000000000004,0.4914,-100.0
2011-12-15,0.4912,0.0891,-0.0054,0.4912,-100.0
2011-12-16,0.4908,0.1046,-0.018500000000000003,0.4908,-100.0
2011-12-17,0.4901,0.1128,-0.0181,0.4901,-100.0
2011-12-18,0.4876,0.1284,-0.0238,0.4876,-100.0
2011-12-19,0.483,0.1452,-0.028800000000000006,0.483,-100.0
2011-12-20,0.4814000000000001,0.15180000000000002,-0.0312,0.4814000000000001,-100.0
2011-12-21,0.4793,0.15230000000000002,-0.031900000000000005,0.4793,-100.0
2011-12-22,0.476,0.1549,-0.025,0.476,-100.0
2011-12-23,0.4717,0.14880000000000002,-0.0274,0.4717,-100.0
2011-12-24,0.4688000000000001,0.15430000000000002,-0.026,0.4688000000000001,-100.0
2011-12-25,0.467,0.17850000000000002,-0.0101,0.467,-100.0
2011-12-26,0.4608,0.17370000000000002,-0.0126,0.4608,-100.0
2011-12-27,0.4599,0.17850000000000002,-0.0045000000000000005,0.4599,-100.0
2011-12-28,0.4628,0.1794,0.0098,0.4628,-100.0
2011-12-29,0.4628,0.1678,0.0191,0.4628,-100.0
2011-12-30,0.4628,0.1719,0.017400000000000002,0.4628,-100.0
2011-12-31,0.4659,0.1663,0.0023,0.4659,-100.0
2012-01-01,0.4685,0.154,-0.0159,0.4685,-100.0
2012-01-02,0.4685,0.14800000000000002,-0.0239,0.4685,-100.0
2012-01-03,0.4682,0.14930000000000002,-0.0275,0.4682,-100.0
2012-01-04,0.46799999999999997,0.1607,-0.031400000000000004,0.46799999999999997,-100.0
2012-01-05,0.4693,0.15560000000000002,-0.0357,0.4693,-100.0
2012-01-06,0.47,0.1504,-0.0363,0.47,-100.0
2012-01-07,0.46799999999999997,0.1467,-0.0407,0.46799999999999997,-100.0
2012-01-08,0.4693,0.1255,-0.0452,0.4693,-100.0
2012-01-09,0.4673000000000001,0.1231,-0.0494,0.4673000000000001,-100.0
2012-01-10,0.4651,0.1333,-0.0514,0.4651,-100.0
2012-01-11,0.4655,0.1166,-0.0369,0.4655,-100.0
2012-01-12,0.4661,0.1229,-0.0152,0.4661,-100.0
2012-01-13,0.4703,0.1126,-0.0018000000000000004,0.4703,-100.0
2012-01-14,0.4737,0.1032,0.0164,0.4737,-100.0
2012-01-15,0.4782,0.0941,0.0302,0.4782,-100.0
2012-01-16,0.4861,0.08660000000000001,0.0469,0.4861,-100.0
2012-01-17,0.4934,0.0776,0.0589,0.4934,-100.0
2012-01-18,0.5016,0.068,0.06170000000000001,0.5016,-100.0
2012-01-19,0.5082,0.0599,0.0589,0.5082,-100.0
2012-01-20,0.5142,0.0478,0.057,0.5142,-100.0
2012-01-21,0.5207,0.0426,0.055999999999999994,0.5207,-100.0
2012-01-22,0.5287000000000001,0.0291,0.0466,0.5287000000000001,-100.0
2012-01-23,0.5316000000000001,0.0128,0.0351,0.5316000000000001,-100.0
2012-01-24,0.5395,0.0156,0.024800000000000003,0.5395,-100.0
2012-01-25,0.5438000000000001,-0.004200000000000001,0.0101,0.5438000000000001,-100.0
2012-01-26,0.5496,-0.0277,0.0019,0.5496,-100.0
2012-01-27,0.5518000000000001,-0.0286,-0.0078,0.5518000000000001,-100.0
2012-01-28,0.5581,-0.0531,-0.0114,0.5581,-100.0
2012-01-29,0.5602,-0.0718,-0.0176,0.5602,-100.0
2012-01-30,0.5592,-0.06770000000000001,-0.0197,0.5592,-100.0
2012-01-31,0.5611,-0.07980000000000001,-0.0212,0.5611,-100.0
2012-02-01,0.5630000000000001,-0.0887,-0.0125,0.5630000000000001,-100.0
2012-02-02,0.5660000000000001,-0.1096,-0.0081,0.5660000000000001,-100.0
2012-02-03,0.5661,-0.1106,0.0013000000000000002,0.5661,-100.0
2012-02-04,0.5680000000000001,-0.1227,0.0107,0.5680000000000001,-100.0
2012-02-05,0.5722,-0.1361,0.0214,0.5722,-100.0
2012-02-06,0.5742,-0.1363,0.029400000000000006,0.5742,-100.0
2012-02-07,0.5784,-0.1452,0.036500000000000005,0.5784,-100.0
2012-02-08,0.5814,-0.159,0.042100000000000005,0.5814,-100.0
2012-02-09,0.5836,-0.1641,0.0481,0.5836,-100.0
2012-02-10,0.5860000000000001,-0.1784,0.0463,0.5860000000000001,-100.0
2012-02-11,0.5891000000000001,-0.1621,0.0422,0.5891000000000001,-100.0
2012-02-12,0.5912000000000001,-0.17420000000000002,0.0432,0.5912000000000001,-100.0
2012-02-13,0.5920000000000001,-0.1851,0.0408,0.5920000000000001,-100.0
2012-02-14,0.5929,-0.1628,0.0363,0.5929,-100.0
2012-02-15,0.5926,-0.1587,0.028800000000000006,0.5926,-100.0
2012-02-16,0.5931000000000001,-0.1573,0.028999999999999998,0.5931000000000001,-100.0
2012-02-17,0.5923,-0.1604,0.0325,0.5923,-100.0
2012-02-18,0.5903,-0.1638,0.029400000000000006,0.5903,-100.0
2012-02-19,0.5883,-0.1637,0.033800000000000004,0.5883,-100.0
2012-02-20,0.5863,-0.1514,0.0423,0.5863,-100.0
2012-02-21,0.5861000000000001,-0.1643,0.0476,0.5861000000000001,-100.0
2012-02-22,0.5835,-0.1686,0.0591,0.5835,-100.0
2012-02-23,0.5825,-0.1835,0.0551,0.5825,-100.0
2012-02-24,0.5834,-0.2063,0.07050000000000001,0.5834,-100.0
2012-02-25,0.5856,-0.23399999999999999,0.07980000000000001,0.5856,-100.0
2012-02-26,0.5888,-0.25470000000000004,0.0887,0.5888,-100.0
2012-02-27,0.5916,-0.2788,0.092,0.5916,-100.0
2012-02-28,0.5930000000000001,-0.2963,0.0981,0.5930000000000001,-100.0
2012-02-29,0.596,-0.31930000000000003,0.1125,0.596,-100.0
2012-03-01,0.5982000000000001,-0.332,0.1199,0.5982000000000001,-100.0
2012-03-02,0.6043000000000001,-0.3467,0.1157,0.6043000000000001,-100.0
2012-03-03,0.6071000000000001,-0.3607,0.1107,0.6071000000000001,-100.0
2012-03-04,0.6132000000000001,-0.35550000000000004,0.1156,0.6132000000000001,-100.0
2012-03-05,0.6178,-0.3629,0.1114,0.6178,-100.0
2012-03-06,0.6225,-0.3678,0.1073,0.6225,-100.0
2012-03-07,0.6237,-0.3657,0.0815,0.6237,-100.0
2012-03-08,0.628,-0.3597,0.0663,0.628,-100.0
2012-03-09,0.6312,-0.3532,0.055900000000000005,0.6312,-100.0
2012-03-10,0.6328,-0.33390000000000003,0.0492,0.6328,-100.0
2012-03-11,0.6347,-0.3332,0.0371,0.6347,-100.0
2012-03-12,0.6372,-0.3275,0.041100000000000005,0.6372,-100.0
2012-03-13,0.6385000000000001,-0.2939,0.0426,0.6385000000000001,-100.0
2012-03-14,0.64,-0.2873,0.0448,0.64,-100.0
2012-03-15,0.6418,-0.2745,0.0394,0.6418,-100.0
2012-03-16,0.642,-0.253,0.0289,0.642,-100.0
2012-03-17,0.6425000000000001,-0.2617,0.0254,0.6425000000000001,-100.0
2012-03-18,0.6431,-0.2534,0.013800000000000002,0.6431,-100.0
2012-03-19,0.6421,-0.2499,0.006900000000000001,0.6421,-100.0
2012-03-20,0.6414000000000001,-0.2426,-0.0037,0.6414000000000001,-100.0
2012-03-21,0.6394000000000001,-0.2405,-0.0201,0.6394000000000001,-100.0
2012-03-22,0.6359,-0.244,-0.0323,0.6359,-100.0
2012-03-23,0.6314000000000001,-0.2554,-0.0415,0.6314000000000001,-100.0
2012-03-24,0.6297,-0.2487,-0.0286,0.6297,-100.0
2012-03-25,0.6283000000000001,-0.26330000000000003,-0.0283,0.6283000000000001,-100.0
2012-03-26,0.6281,-0.25720000000000004,-0.0228,0.6281,-100.0
2012-03-27,0.6291,-0.2604,-0.0072000000000000015,0.6291,-100.0
2012-03-28,0.6301,-0.2548,0.0046,0.6301,-100.0
2012-03-29,0.6291,-0.252,0.013800000000000002,0.6291,-100.0
2012-03-30,0.6289,-0.25420000000000004,0.0258,0.6289,-100.0
2012-03-31,0.6292,-0.26530000000000004,0.038200000000000005,0.6292,-100.0
2012-04-01,0.6312,-0.2751,0.0502,0.6312,-100.0
2012-04-02,0.6319,-0.2952,0.0659,0.6319,-100.0
2012-04-03,0.6335000000000001,-0.30910000000000004,0.075,0.6335000000000001,-100.0
2012-04-04,0.6378,-0.3262,0.08800000000000001,0.6378,-100.0
2012-04-05,0.6409999999999999,-0.33490000000000003,0.0952,0.6409999999999999,-100.0
2012-04-06,0.6446000000000001,-0.34390000000000004,0.1003,0.6446000000000001,-100.0
2012-04-07,0.6484,-0.35400000000000004,0.0997,0.6484,-100.0
2012-04-08,0.6542,-0.3784,0.1038,0.6542,-100.0
2012-04-09,0.6598,-0.38799999999999996,0.104,0.6598,-100.0
2012-04-10,0.6637000000000001,-0.3883,0.1074,0.6637000000000001,-100.0
2012-04-11,0.6714,-0.4016,0.1056,0.6714,-100.0
2012-04-12,0.6733,-0.4162,0.1051,0.6733,-100.0
2012-04-13,0.6768000000000001,-0.3993,0.1014,0.6768000000000001,-100.0
2012-04-14,0.6769000000000001,-0.4079,0.0881,0.6769000000000001,-100.0
2012-04-15,0.6785,-0.3987,0.085,0.6785,-100.0
2012-04-16,0.6781,-0.3825,0.08320000000000001,0.6781,-100.0
2012-04-17,0.682,-0.3721,0.08650000000000001,0.682,-100.0
2012-04-18,0.6815,-0.3683,0.0896,0.6815,-100.0
2012-04-19,0.6796,-0.3639,0.0994,0.6796,-100.0
2012-04-20,0.6793,-0.3517,0.0974,0.6793,-100.0
2012-04-21,0.6788000000000001,-0.3355,0.1013,0.6788000000000001,-100.0
2012-04-22,0.6811,-0.321,0.1164,0.6811,-100.0
2012-04-23,0.6817000000000001,-0.3062,0.1117,0.6817000000000001,-100.0
2012-04-24,0.6838000000000001,-0.29550000000000004,0.115,0.6838000000000001,-100.0
2012-04-25,0.6829999999999999,-0.2778,0.1033,0.6829999999999999,-100.0
2012-04-26,0.6856,-0.2681,0.1,0.6856,-100.0
2012-04-27,0.6886,-0.2609,0.0987,0.6886,-100.0
2012-04-28,0.6902,-0.2536,0.0943,0.6902,-100.0
2012-04-29,0.6916,-0.2465,0.08610000000000001,0.6916,-100.0
2012-04-30,0.6956,-0.2536,0.08070000000000001,0.6956,-100.0
2012-05-01,0.6993,-0.2514,0.0753,0.6993,-100.0
2012-05-02,0.7008,-0.2577,0.0719,0.7008,-100.0
2012-05-03,0.7015,-0.2501,0.0653,0.7015,-100.0
2012-05-04,0.7033,-0.2488,0.05980000000000001,0.7033,-100.0
2012-05-05,0.7042,-0.2439,0.0516,0.7042,-100.0
2012-05-06,0.7076,-0.246,0.0502,0.7076,-100.0
2012-05-07,0.7098,-0.2404,0.0431,0.7098,-100.0
2012-05-08,0.7106,-0.252,0.0367,0.7106,-100.0
2012-05-09,0.7101000000000001,-0.2571,0.0261,0.7101000000000001,-100.0
2012-05-10,0.7121000000000001,-0.2481,0.039900000000000005,0.7121000000000001,-100.0
2012-05-11,0.7131000000000001,-0.2509,0.0476,0.7131000000000001,-100.0
2012-05-12,0.7100000000000001,-0.2403,0.0455,0.7100000000000001,-100.0
2012-05-13,0.7077,-0.2499,0.0342,0.7077,-100.0
2012-05-14,0.7074,-0.2419,0.0286,0.7074,-100.0
2012-05-15,0.7084,-0.2169,0.0426,0.7084,-100.0
2012-05-16,0.7134,-0.21600000000000005,0.0663,0.7134,-100.0
2012-05-17,0.7137,-0.2086,0.07200000000000001,0.7137,-100.0
2012-05-18,0.7152000000000001,-0.2208,0.06150000000000001,0.7152000000000001,-100.0
2012-05-19,0.7170000000000001,-0.2264,0.0655,0.7170000000000001,-100.0
2012-05-20,0.7188,-0.2383,0.0786,0.7188,-100.0
2012-05-21,0.7201000000000001,-0.2384,0.0903,0.7201000000000001,-100.0
2012-05-22,0.7219,-0.26,0.0999,0.7219,-100.0
2012-05-23,0.7246,-0.2649,0.1098,0.7246,-100.0
2012-05-24,0.7268,-0.2805,0.1127,0.7268,-100.0
2012-05-25,0.7308,-0.3015,0.1232,0.7308,-100.0
2012-05-26,0.7331000000000001,-0.3135,0.12510000000000002,0.7331000000000001,-100.0
2012-05-27,0.7355,-0.3224,0.1302,0.7355,-100.0
2012-05-28,0.7377,-0.3286,0.13570000000000002,0.7377,-100.0
2012-05-29,0.7389,-0.34090000000000004,0.1467,0.7389,-100.0
2012-05-30,0.7432000000000001,-0.3517,0.1462,0.7432000000000001,-100.0
2012-05-31,0.7458,-0.3598,0.1232,0.7458,-100.0
2012-06-01,0.7473000000000001,-0.3675,0.1135,0.7473000000000001,-100.0
2012-06-02,0.7487,-0.3778,0.08940000000000001,0.7487,-100.0
2012-06-03,0.7496,-0.3713,0.069,0.7496,-100.0
2012-06-04,0.7507,-0.3731,0.0323,0.7507,-100.0
2012-06-05,0.7496,-0.3752,0.006500000000000001,0.7496,-100.0
2012-06-06,0.7477,-0.3812,-0.0285,0.7477,-100.0
2012-06-07,0.7437,-0.3691,-0.0541,0.7437,-100.0
2012-06-08,0.7407,-0.3703,-0.07050000000000001,0.7407,-100.0
2012-06-09,0.7368,-0.35810000000000003,-0.0988,0.7368,-100.0
2012-06-10,0.7312000000000001,-0.3456,-0.1253,0.7312000000000001,-100.0
2012-06-11,0.7253000000000001,-0.3416,-0.1447,0.7253000000000001,-100.0
2012-06-12,0.7186,-0.3199,-0.1621,0.7186,-100.0
2012-06-13,0.7133,-0.3089,-0.1589,0.7133,-100.0
2012-06-14,0.7054,-0.28850000000000003,-0.1652,0.7054,-100.0
2012-06-15,0.6990000000000001,-0.2851,-0.16240000000000002,0.6990000000000001,-100.0
2012-06-16,0.6917,-0.2657,-0.1608,0.6917,-100.0
2012-06-17,0.6861,-0.2695,-0.15030000000000002,0.6861,-100.0
2012-06-18,0.6796,-0.2602,-0.1451,0.6796,-100.0
2012-06-19,0.6732,-0.2403,-0.1193,0.6732,-100.0
2012-06-20,0.6694,-0.239,-0.0974,0.6694,-100.0
2012-06-21,0.6611,-0.23,-0.0818,0.6611,-100.0
2012-06-22,0.6554,-0.2173,-0.054200000000000005,0.6554,-100.0
2012-06-23,0.6522,-0.2043,-0.0357,0.6522,-100.0
2012-06-24,0.6461,-0.1843,-0.0058000000000000005,0.6461,-100.0
2012-06-25,0.6454000000000001,-0.1723,0.0261,0.6454000000000001,-100.0
2012-06-26,0.6439,-0.1482,0.0507,0.6439,-100.0
2012-06-27,0.6428,-0.1227,0.0893,0.6428,-100.0
2012-06-28,0.6445000000000001,-0.1109,0.1142,0.6445000000000001,-100.0
2012-06-29,0.6471,-0.1029,0.1147,0.6471,-100.0
2012-06-30,0.647,-0.0762,0.1232,0.647,-100.0
2012-07-01,0.6474000000000001,-0.0697,0.1175,0.6474000000000001,-100.0
2012-07-02,0.6484,-0.06470000000000001,0.1284,0.6484,-100.0
2012-07-03,0.6507000000000001,-0.0556,0.1373,0.6507000000000001,-100.0
2012-07-04,0.6517000000000001,-0.0386,0.12940000000000002,0.6517000000000001,-100.0
2012-07-05,0.6527000000000001,-0.0435,0.1388,0.6527000000000001,-100.0
2012-07-06,0.657,-0.047400000000000005,0.1474,0.657,-100.0
2012-07-07,0.6632,-0.0688,0.16820000000000002,0.6632,-100.0
2012-07-08,0.6662,-0.07300000000000001,0.17220000000000002,0.6662,-100.0
2012-07-09,0.6649,-0.0821,0.1726,0.6649,-100.0
2012-07-10,0.6661,-0.06050000000000001,0.1766,0.6661,-100.0
2012-07-11,0.6671,-0.0821,0.1749,0.6671,-100.0
2012-07-12,0.6695,-0.0574,0.1802,0.6695,-100.0
2012-07-13,0.6714,-0.0386,0.1882,0.6714,-100.0
2012-07-14,0.6679,-0.019,0.1771,0.6679,-100.0
2012-07-15,0.6694,-0.0025,0.16820000000000002,0.6694,-100.0
2012-07-16,0.672,0.0207,0.17500000000000002,0.672,-100.0
2012-07-17,0.6749,0.0493,0.1636,0.6749,-100.0
2012-07-18,0.6768000000000001,0.0678,0.15560000000000002,0.6768000000000001,-100.0
2012-07-19,0.6765,0.0898,0.1398,0.6765,-100.0
2012-07-20,0.6758000000000001,0.1104,0.13970000000000002,0.6758000000000001,-100.0
2012-07-21,0.6732,0.131,0.1201,0.6732,-100.0
2012-07-22,0.6703,0.1555,0.1073,0.6703,-100.0
2012-07-23,0.6707000000000001,0.1685,0.0928,0.6707000000000001,-100.0
2012-07-24,0.6698000000000001,0.1751,0.0782,0.6698000000000001,-100.0
2012-07-25,0.6672,0.1989,0.0579,0.6672,-100.0
2012-07-26,0.664,0.221,0.0451,0.664,-100.0
2012-07-27,0.6583,0.2437,0.0453,0.6583,-100.0
2012-07-28,0.6586000000000001,0.2336,0.0448,0.6586000000000001,-100.0
2012-07-29,0.6566000000000001,0.2508,0.0466,0.6566000000000001,-100.0
2012-07-30,0.6549,0.2513,0.0448,0.6549,-100.0
2012-07-31,0.6562,0.273,0.0707,0.6562,-100.0
2012-08-01,0.6576000000000001,0.2728,0.0859,0.6576000000000001,-100.0
2012-08-02,0.6609,0.244,0.0997,0.6609,-100.0
2012-08-03,0.6659,0.2318,0.1016,0.6659,-100.0
2012-08-04,0.6669,0.2173,0.0916,0.6669,-100.0
2012-08-05,0.6726000000000001,0.20199999999999999,0.1063,0.6726000000000001,-100.0
2012-08-06,0.6753,0.19699999999999998,0.1205,0.6753,-100.0
2012-08-07,0.6794,0.2217,0.1132,0.6794,-100.0
2012-08-08,0.6826,0.2026,0.1098,0.6826,-100.0
2012-08-09,0.6851,0.2089,0.1031,0.6851,-100.0
2012-08-10,0.6912,0.2184,0.0924,0.6912,-100.0
2012-08-11,0.6990000000000001,0.2051,0.08199999999999999,0.6990000000000001,-100.0
2012-08-12,0.7024,0.1973,0.08080000000000001,0.7024,-100.0
2012-08-13,0.7079000000000001,0.1824,0.0839,0.7079000000000001,-100.0
2012-08-14,0.7129000000000001,0.1938,0.0781,0.7129000000000001,-100.0
2012-08-15,0.7165,0.2089,0.0765,0.7165,-100.0
2012-08-16,0.7251000000000001,0.231,0.0596,0.7251000000000001,-100.0
2012-08-17,0.7253000000000001,0.2595,0.053000000000000005,0.7253000000000001,-100.0
2012-08-18,0.7285,0.2728,0.0395,0.7285,-100.0
2012-08-19,0.7266,0.2722,0.03,0.7266,-100.0
2012-08-20,0.7267,0.2886,0.0142,0.7267,-100.0
2012-08-21,0.7262000000000001,0.30210000000000004,0.0182,0.7262000000000001,-100.0
2012-08-22,0.7221000000000001,0.3131,0.018500000000000003,0.7221000000000001,-100.0
2012-08-23,0.7181000000000001,0.3179,0.0215,0.7181000000000001,-100.0
2012-08-24,0.7166,0.3255,0.0275,0.7166,-100.0
2012-08-25,0.7130000000000001,0.3252,0.034,0.7130000000000001,-100.0
2012-08-26,0.7113,0.3356,0.046200000000000005,0.7113,-100.0
2012-08-27,0.7085,0.3375,0.05830000000000001,0.7085,-100.0
2012-08-28,0.7055,0.3517,0.06100000000000001,0.7055,-100.0
2012-08-29,0.7011000000000001,0.3593,0.0695,0.7011000000000001,-100.0
2012-08-30,0.6987,0.3556,0.0863,0.6987,-100.0
2012-08-31,0.6951,0.36010000000000003,0.1023,0.6951,-100.0
2012-09-01,0.6922,0.3845,0.1062,0.6922,-100.0
2012-09-02,0.6913,0.3982,0.1315,0.6913,-100.0
2012-09-03,0.6894,0.4199,0.1404,0.6894,-100.0
2012-09-04,0.6910000000000001,0.4363,0.13570000000000002,0.6910000000000001,-100.0
2012-09-05,0.6906,0.4598,0.1325,0.6906,-100.0
2012-09-06,0.6896,0.4886,0.1116,0.6896,-100.0
2012-09-07,0.6829999999999999,0.5069,0.1105,0.6829999999999999,-100.0
2012-09-08,0.6801,0.5291,0.0892,0.6801,-100.0
2012-09-09,0.6766,0.5547000000000001,0.0703,0.6766,-100.0
2012-09-10,0.6733,0.5496,0.0596,0.6733,-100.0
2012-09-11,0.6699,0.5739000000000001,0.052000000000000005,0.6699,-100.0
2012-09-12,0.6659,0.5637,0.049100000000000005,0.6659,-100.0
2012-09-13,0.6613,0.5574,0.038,0.6613,-100.0
2012-09-14,0.6609999999999999,0.5298,0.036000000000000004,0.6609999999999999,-100.0
2012-09-15,0.6564,0.506,0.0394,0.6564,-100.0
2012-09-16,0.6541,0.4835,0.0449,0.6541,-100.0
2012-09-17,0.6505000000000001,0.4682,0.0412,0.6505000000000001,-100.0
2012-09-18,0.6502,0.4447,0.0551,0.6502,-100.0
2012-09-19,0.6497,0.4208,0.0567,0.6497,-100.0
2012-09-20,0.6497,0.3953,0.0766,0.6497,-100.0
2012-09-21,0.6506000000000001,0.3764,0.08360000000000001,0.6506000000000001,-100.0
2012-09-22,0.653,0.3521,0.0972,0.653,-100.0
2012-09-23,0.657,0.3382,0.107,0.657,-100.0
2012-09-24,0.6645,0.3089,0.11599999999999999,0.6645,-100.0
2012-09-25,0.6673,0.2994,0.1144,0.6673,-100.0
2012-09-26,0.672,0.2828,0.12510000000000002,0.672,-100.0
2012-09-27,0.6755,0.2926,0.1146,0.6755,-100.0
2012-09-28,0.6785,0.305,0.11,0.6785,-100.0
2012-09-29,0.6786,0.2962,0.09300000000000001,0.6786,-100.0
2012-09-30,0.6792,0.27590000000000003,0.083,0.6792,-100.0
2012-10-01,0.6787000000000001,0.26080000000000003,0.0674,0.6787000000000001,-100.0
2012-10-02,0.6782,0.25780000000000003,0.0585,0.6782,-100.0
2012-10-03,0.6754,0.26880000000000004,0.0397,0.6754,-100.0
2012-10-04,0.6667000000000001,0.2958,0.038700000000000005,0.6667000000000001,-100.0
2012-10-05,0.6635,0.2837,0.0383,0.6635,-100.0
2012-10-06,0.6579,0.2949,0.0436,0.6579,-100.0
2012-10-07,0.6549,0.28040000000000004,0.0426,0.6549,-100.0
2012-10-08,0.6519,0.2732,0.06000000000000001,0.6519,-100.0
2012-10-09,0.6513,0.2622,0.0762,0.6513,-100.0
2012-10-10,0.6486000000000001,0.2586,0.08410000000000001,0.6486000000000001,-100.0
2012-10-11,0.6466000000000001,0.2664,0.0962,0.6466000000000001,-100.0
2012-10-12,0.6483,0.25980000000000003,0.1097,0.6483,-100.0
2012-10-13,0.6502,0.267,0.1195,0.6502,-100.0
2012-10-14,0.66,0.2591,0.1005,0.66,-100.0
2012-10-15,0.6619,0.2615,0.10099999999999999,0.6619,-100.0
2012-10-16,0.6629999999999999,0.2816,0.0938,0.6629999999999999,-100.0
2012-10-17,0.6625,0.27790000000000004,0.08199999999999999,0.6625,-100.0
2012-10-18,0.6604,0.2812,0.077,0.6604,-100.0
2012-10-19,0.6586000000000001,0.29150000000000004,0.07680000000000001,0.6586000000000001,-100.0
2012-10-20,0.6535000000000001,0.28190000000000004,0.0737,0.6535000000000001,-100.0
2012-10-21,0.6496000000000001,0.2785,0.0781,0.6496000000000001,-100.0
2012-10-22,0.6426000000000001,0.2832,0.0845,0.6426000000000001,-100.0
2012-10-23,0.635,0.2777,0.0902,0.635,-100.0
2012-10-24,0.6268,0.2803,0.1106,0.6268,-100.0
2012-10-25,0.6187,0.317,0.11599999999999999,0.6187,-100.0
2012-10-26,0.6103000000000001,0.3231,0.1361,0.6103000000000001,-100.0
2012-10-27,0.6039,0.3118,0.1341,0.6039,-100.0
2012-10-28,0.595,0.30820000000000003,0.14850000000000002,0.595,-100.0
2012-10-29,0.5928,0.29510000000000003,0.1728,0.5928,-100.0
2012-10-30,0.5922000000000001,0.32180000000000003,0.1992,0.5922000000000001,-100.0
2012-10-31,0.5921000000000001,0.32530000000000003,0.2146,0.5921000000000001,-100.0
2012-11-01,0.5953,0.325,0.2261,0.5953,-100.0
2012-11-02,0.5957,0.35150000000000003,0.2229,0.5957,-100.0
2012-11-03,0.5993,0.3537,0.2153,0.5993,-100.0
2012-11-04,0.6012000000000001,0.3498,0.2041,0.6012000000000001,-100.0
2012-11-05,0.6034,0.363,0.1918,0.6034,-100.0
2012-11-06,0.6046,0.3574,0.17270000000000002,0.6046,-100.0
2012-11-07,0.6057,0.34650000000000003,0.1522,0.6057,-100.0
2012-11-08,0.6073000000000001,0.3411,0.1444,0.6073000000000001,-100.0
2012-11-09,0.6061000000000001,0.33540000000000003,0.13490000000000002,0.6061000000000001,-100.0
2012-11-10,0.6055,0.33690000000000003,0.126,0.6055,-100.0
2012-11-11,0.606,0.331,0.1223,0.606,-100.0
2012-11-12,0.6054,0.32130000000000003,0.1206,0.6054,-100.0
2012-11-13,0.6032000000000001,0.3053,0.1183,0.6032000000000001,-100.0
2012-11-14,0.6046,0.2931,0.1134,0.6046,-100.0
2012-11-15,0.6036,0.26580000000000004,0.1264,0.6036,-100.0
2012-11-16,0.6039,0.2521,0.131,0.6039,-100.0
2012-11-17,0.6031000000000001,0.2314,0.14600000000000002,0.6031000000000001,-100.0
2012-11-18,0.6021000000000001,0.2174,0.1554,0.6021000000000001,-100.0
2012-11-19,0.6053000000000001,0.17950000000000002,0.15810000000000002,0.6053000000000001,-100.0
2012-11-20,0.6038,0.1618,0.141,0.6038,-100.0
2012-11-21,0.6034,0.1395,0.13920000000000002,0.6034,-100.0
2012-11-22,0.6045,0.1338,0.1514,0.6045,-100.0
2012-11-23,0.6065,0.1228,0.1424,0.6065,-100.0
2012-11-24,0.6086,0.1006,0.15,0.6086,-100.0
2012-11-25,0.6097,0.0799,0.14800000000000002,0.6097,-100.0
2012-11-26,0.6128,0.0645,0.1461,0.6128,-100.0
2012-11-27,0.6148,0.0456,0.1317,0.6148,-100.0
2012-11-28,0.615,0.0246,0.1273,0.615,-100.0
2012-11-29,0.6144000000000001,0.0274,0.1146,0.6144000000000001,-100.0
2012-11-30,0.6155,-0.0106,0.1132,0.6155,-100.0
2012-12-01,0.6143000000000001,-0.0127,0.1022,0.6143000000000001,-100.0
2012-12-02,0.6118,-0.0349,0.0818,0.6118,-100.0
2012-12-03,0.6139,-0.0504,0.07590000000000001,0.6139,-100.0
2012-12-04,0.6137,-0.0509,0.08020000000000001,0.6137,-100.0
2012-12-05,0.613,-0.0599,0.0854,0.613,-100.0
2012-12-06,0.6136,-0.0661,0.0975,0.6136,-100.0
2012-12-07,0.6145,-0.0645,0.1099,0.6145,-100.0
2012-12-08,0.6139,-0.0665,0.1238,0.6139,-100.0
2012-12-09,0.6145,-0.0649,0.14650000000000002,0.6145,-100.0
2012-12-10,0.6163000000000001,-0.06420000000000001,0.1452,0.6163000000000001,-100.0
2012-12-11,0.6162000000000001,-0.0568,0.1573,0.6162000000000001,-100.0
2012-12-12,0.6189,-0.0549,0.1814,0.6189,-100.0
2012-12-13,0.618,-0.0335,0.2052,0.618,-100.0
2012-12-14,0.6217,-0.0256,0.2235,0.6217,-100.0
2012-12-15,0.6255000000000001,-0.0334,0.2362,0.6255000000000001,-100.0
2012-12-16,0.6296,-0.020800000000000003,0.2498,0.6296,-100.0
2012-12-17,0.6318,-0.0198,0.2534,0.6318,-100.0
2012-12-18,0.6366,-0.0337,0.25880000000000003,0.6366,-100.0
2012-12-19,0.6393,-0.0505,0.2467,0.6393,-100.0
2012-12-20,0.6449,-0.0603,0.24,0.6449,-100.0
2012-12-21,0.6491,-0.0651,0.2361,0.6491,-100.0
2012-12-22,0.6525000000000001,-0.064,0.238,0.6525000000000001,-100.0
2012-12-23,0.6555000000000001,-0.0855,0.2429,0.6555000000000001,-100.0
2012-12-24,0.6575000000000001,-0.1064,0.2317,0.6575000000000001,-100.0
2012-12-25,0.6614,-0.1317,0.2153,0.6614,-100.0
2012-12-26,0.6661,-0.1631,0.2063,0.6661,-100.0
2012-12-27,0.6684,-0.1837,0.1906,0.6684,-100.0
2012-12-28,0.6729,-0.1848,0.1821,0.6729,-100.0
2012-12-29,0.6756,-0.2031,0.1631,0.6756,-100.0
2012-12-30,0.6763,-0.1871,0.1355,0.6763,-100.0
2012-12-31,0.6805,-0.1904,0.1199,0.6805,-100.0
2013-01-01,0.6844,-0.1885,0.1122,0.6844,-100.0
2013-01-02,0.6880000000000001,-0.1869,0.0981,0.6880000000000001,-100.0
2013-01-03,0.6893,-0.196,0.0847,0.6893,-100.0
2013-01-04,0.6904,-0.2043,0.0723,0.6904,-100.0
2013-01-05,0.6881,-0.1984,0.06150000000000001,0.6881,-100.0
2013-01-06,0.6839000000000001,-0.2112,0.042800000000000005,0.6839000000000001,-100.0
2013-01-07,0.6806,-0.2149,0.0245,0.6806,-100.0
2013-01-08,0.6743,-0.2298,0.009000000000000001,0.6743,-100.0
2013-01-09,0.6724,-0.2349,0.002,0.6724,-100.0
2013-01-10,0.6644,-0.2322,-0.0025,0.6644,-100.0
2013-01-11,0.6575000000000001,-0.2312,-0.0132,0.6575000000000001,-100.0
2013-01-12,0.6491,-0.2372,-0.0147,0.6491,-100.0
2013-01-13,0.6435000000000001,-0.245,-0.0166,0.6435000000000001,-100.0
2013-01-14,0.6349,-0.2437,-0.0086,0.6349,-100.0
2013-01-15,0.6287,-0.2477,-0.0013000000000000002,0.6287,-100.0
2013-01-16,0.6255000000000001,-0.25980000000000003,0.0129,0.6255000000000001,-100.0
2013-01-17,0.6214000000000001,-0.26990000000000003,0.0121,0.6214000000000001,-100.0
2013-01-18,0.6188,-0.2692,0.0074,0.6188,-100.0
2013-01-19,0.6183000000000001,-0.2478,0.032100000000000004,0.6183000000000001,-100.0
2013-01-20,0.6169,-0.2554,0.047400000000000005,0.6169,-100.0
2013-01-21,0.6111,-0.2467,0.0414,0.6111,-100.0
2013-01-22,0.6096,-0.2479,0.0655,0.6096,-100.0
2013-01-23,0.608,-0.25720000000000004,0.06170000000000001,0.608,-100.0
2013-01-24,0.6097,-0.2611,0.079,0.6097,-100.0
2013-01-25,0.6132000000000001,-0.26,0.0955,0.6132000000000001,-100.0
2013-01-26,0.6117,-0.2445,0.0976,0.6117,-100.0
2013-01-27,0.6099,-0.2443,0.1157,0.6099,-100.0
2013-01-28,0.6098,-0.2432,0.1221,0.6098,-100.0
2013-01-29,0.6112000000000001,-0.2401,0.1269,0.6112000000000001,-100.0
2013-01-30,0.6125,-0.2417,0.1415,0.6125,-100.0
2013-01-31,0.618,-0.2584,0.1464,0.618,-100.0
2013-02-01,0.6204000000000001,-0.2645,0.1511,0.6204000000000001,-100.0
2013-02-02,0.6216,-0.2636,0.1509,0.6216,-100.0
2013-02-03,0.6254000000000001,-0.2696,0.1496,0.6254000000000001,-100.0
2013-02-04,0.6256,-0.275,0.1436,0.6256,-100.0
2013-02-05,0.6277,-0.2756,0.13870000000000002,0.6277,-100.0
2013-02-06,0.6293000000000001,-0.27040000000000003,0.1236,0.6293000000000001,-100.0
2013-02-07,0.629,-0.28400000000000003,0.1098,0.629,-100.0
2013-02-08,0.6302,-0.2893,0.0928,0.6302,-100.0
2013-02-09,0.6291,-0.29960000000000003,0.07780000000000001,0.6291,-100.0
2013-02-10,0.6292,-0.30860000000000004,0.0664,0.6292,-100.0
2013-02-11,0.6279,-0.3169,0.050100000000000006,0.6279,-100.0
2013-02-12,0.6277,-0.3245,0.035300000000000005,0.6277,-100.0
2013-02-13,0.6242,-0.3309,0.022,0.6242,-100.0
2013-02-14,0.6237,-0.3396,0.0151,0.6237,-100.0
2013-02-15,0.6244000000000001,-0.35300000000000004,0.0215,0.6244000000000001,-100.0
2013-02-16,0.6226,-0.3826,0.0104,0.6226,-100.0
2013-02-17,0.621,-0.3872,0.0171,0.621,-100.0
2013-02-18,0.6201,-0.3966,0.0278,0.6201,-100.0
2013-02-19,0.6185,-0.3983,0.032100000000000004,0.6185,-100.0
2013-02-20,0.6176,-0.395,0.04,0.6176,-100.0
2013-02-21,0.6189,-0.3886,0.0566,0.6189,-100.0
2013-02-22,0.6206,-0.3977,0.0695,0.6206,-100.0
2013-02-23,0.6221,-0.4085,0.0819,0.6221,-100.0
2013-02-24,0.6273000000000001,-0.3945,0.08660000000000001,0.6273000000000001,-100.0
2013-02-25,0.6309,-0.3963,0.094,0.6309,-100.0
2013-02-26,0.6339,-0.40399999999999997,0.091,0.6339,-100.0
2013-02-27,0.6393,-0.3717,0.094,0.6393,-100.0
2013-02-28,0.6457,-0.3871,0.0995,0.6457,-100.0
2013-03-01,0.6496000000000001,-0.396,0.0952,0.6496000000000001,-100.0
2013-03-02,0.6563,-0.4092,0.1,0.6563,-100.0
2013-03-03,0.6618,-0.4351,0.0985,0.6618,-100.0
2013-03-04,0.6665,-0.4436,0.1015,0.6665,-100.0
2013-03-05,0.6708000000000001,-0.436,0.0978,0.6708000000000001,-100.0
2013-03-06,0.6741,-0.4412,0.0912,0.6741,-100.0
2013-03-07,0.6756,-0.4379,0.0761,0.6756,-100.0
2013-03-08,0.6782,-0.4285000000000001,0.0649,0.6782,-100.0
2013-03-09,0.6797000000000001,-0.4155,0.059,0.6797000000000001,-100.0
2013-03-10,0.6795,-0.4108,0.0504,0.6795,-100.0
2013-03-11,0.6778000000000001,-0.3981,0.044500000000000005,0.6778000000000001,-100.0
2013-03-12,0.6764,-0.3804,0.0389,0.6764,-100.0
2013-03-13,0.6768000000000001,-0.3719,0.0304,0.6768000000000001,-100.0
2013-03-14,0.6744,-0.34700000000000003,0.021,0.6744,-100.0
2013-03-15,0.6743,-0.3179,0.0281,0.6743,-100.0
2013-03-16,0.6734,-0.2917,0.024,0.6734,-100.0
2013-03-17,0.6737000000000001,-0.2635,0.0398,0.6737000000000001,-100.0
2013-03-18,0.674,-0.2337,0.0459,0.674,-100.0
2013-03-19,0.6759999999999999,-0.2038,0.0478,0.6759999999999999,-100.0
2013-03-20,0.6807000000000001,-0.1883,0.063,0.6807000000000001,-100.0
2013-03-21,0.6856,-0.1694,0.0716,0.6856,-100.0
2013-03-22,0.6865,-0.1558,0.0874,0.6865,-100.0
2013-03-23,0.6919000000000001,-0.1429,0.0998,0.6919000000000001,-100.0
2013-03-24,0.6991,-0.1589,0.1008,0.6991,-100.0
2013-03-25,0.7018,-0.1341,0.1046,0.7018,-100.0
2013-03-26,0.7106,-0.1343,0.11199999999999999,0.7106,-100.0
2013-03-27,0.7119000000000001,-0.1336,0.1204,0.7119000000000001,-100.0
2013-03-28,0.7221000000000001,-0.1403,0.1384,0.7221000000000001,-100.0
2013-03-29,0.7243,-0.1379,0.1671,0.7243,-100.0
2013-03-30,0.7364,-0.1471,0.1685,0.7364,-100.0
2013-03-31,0.7454000000000001,-0.139,0.18000000000000002,0.7454000000000001,-100.0
2013-04-01,0.7532,-0.1449,0.2189,0.7532,-100.0
2013-04-02,0.7638,-0.14880000000000002,0.2443,0.7638,-100.0
2013-04-03,0.7748,-0.1648,0.2549,0.7748,-100.0
2013-04-04,0.7899,-0.17420000000000002,0.27,0.7899,-100.0
2013-04-05,0.81,-0.2034,0.2811,0.81,-100.0
2013-04-06,0.8241,-0.2295,0.2718,0.8241,-100.0
2013-04-07,0.8403,-0.26890000000000003,0.2634,0.8403,-100.0
2013-04-08,0.8527,-0.3039,0.2322,0.8527,-100.0
2013-04-09,0.8677,-0.3466,0.2207,0.8677,-100.0
2013-04-10,0.8807,-0.3964,0.1922,0.8807,-100.0
2013-04-11,0.8927,-0.4419,0.1589,0.8927,-100.0
2013-04-12,0.8977,-0.4772,0.1143,0.8977,-100.0
2013-04-13,0.9031,-0.5072,0.06960000000000001,0.9031,-100.0
2013-04-14,0.9049,-0.5148,0.0212,0.9049,-100.0
2013-04-15,0.9073,-0.5297000000000001,-0.0139,0.9073,-100.0
2013-04-16,0.9076,-0.5377000000000001,-0.0608,0.9076,-100.0
2013-04-17,0.9014,-0.5688,-0.1187,0.9014,-100.0
2013-04-18,0.8939,-0.5843,-0.1699,0.8939,-100.0
2013-04-19,0.8834000000000001,-0.5930000000000001,-0.2125,0.8834000000000001,-100.0
2013-04-20,0.871,-0.5972000000000001,-0.2263,0.871,-100.0
2013-04-21,0.86,-0.5942000000000001,-0.2565,0.86,-100.0
2013-04-22,0.8463,-0.5874,-0.2822,0.8463,-100.0
2013-04-23,0.8336,-0.5770000000000001,-0.3004,0.8336,-100.0
2013-04-24,0.8186,-0.5671,-0.29250000000000004,0.8186,-100.0
2013-04-25,0.8042,-0.5447000000000001,-0.2939,0.8042,-100.0
2013-04-26,0.7897000000000001,-0.5369,-0.2902,0.7897000000000001,-100.0
2013-04-27,0.7784000000000001,-0.5315,-0.27190000000000003,0.7784000000000001,-100.0
2013-04-28,0.7656000000000001,-0.5262,-0.2551,0.7656000000000001,-100.0
2013-04-29,0.7543000000000001,-0.5155000000000001,-0.2375,0.7543000000000001,-100.0
2013-04-30,0.7449,-0.5051,-0.2068,0.7449,-100.0
2013-05-01,0.7356,-0.482,-0.1981,0.7356,-100.0
2013-05-02,0.7285,-0.4589,-0.18000000000000002,0.7285,-100.0
2013-05-03,0.7208,-0.4404,-0.1584,0.7208,-100.0
2013-05-04,0.7148,-0.4196,-0.14020000000000002,0.7148,-100.0
2013-05-05,0.7093,-0.3995,-0.1172,0.7093,-100.0
2013-05-06,0.7031000000000001,-0.3772,-0.0971,0.7031000000000001,-100.0
2013-05-07,0.7006,-0.34890000000000004,-0.0671,0.7006,-100.0
2013-05-08,0.6960000000000001,-0.3196,-0.0472,0.6960000000000001,-100.0
2013-05-09,0.6948000000000001,-0.29550000000000004,-0.0254,0.6948000000000001,-100.0
2013-05-10,0.6946,-0.2715,-0.01,0.6946,-100.0
2013-05-11,0.6934,-0.2496,0.0015,0.6934,-100.0
2013-05-12,0.6918000000000001,-0.2401,0.0173,0.6918000000000001,-100.0
2013-05-13,0.6932,-0.2163,0.0341,0.6932,-100.0
2013-05-14,0.6919000000000001,-0.2232,0.0378,0.6919000000000001,-100.0
2013-05-15,0.6939000000000001,-0.22699999999999998,0.0704,0.6939000000000001,-100.0
2013-05-16,0.6943,-0.2084,0.0761,0.6943,-100.0
2013-05-17,0.6998000000000001,-0.2077,0.0843,0.6998000000000001,-100.0
2013-05-18,0.7020000000000001,-0.195,0.1006,0.7020000000000001,-100.0
2013-05-19,0.7024,-0.1856,0.0963,0.7024,-100.0
2013-05-20,0.7065,-0.1859,0.1,0.7065,-100.0
2013-05-21,0.7071000000000001,-0.1925,0.0923,0.7071000000000001,-100.0
2013-05-22,0.7058,-0.1905,0.0763,0.7058,-100.0
2013-05-23,0.7058,-0.1909,0.0775,0.7058,-100.0
2013-05-24,0.7062,-0.191,0.0683,0.7062,-100.0
2013-05-25,0.7020000000000001,-0.1848,0.06430000000000001,0.7020000000000001,-100.0
2013-05-26,0.7025,-0.1831,0.0579,0.7025,-100.0
2013-05-27,0.6994,-0.1799,0.06050000000000001,0.6994,-100.0
2013-05-28,0.6992,-0.1777,0.0471,0.6992,-100.0
2013-05-29,0.6978000000000001,-0.162,0.0439,0.6978000000000001,-100.0
2013-05-30,0.6964,-0.1617,0.0418,0.6964,-100.0
2013-05-31,0.6922,-0.1723,0.022500000000000003,0.6922,-100.0
2013-06-01,0.6880000000000001,-0.1779,0.0066,0.6880000000000001,-100.0
2013-06-02,0.6812,-0.1898,0.0184,0.6812,-100.0
2013-06-03,0.6772,-0.2018,0.0193,0.6772,-100.0
2013-06-04,0.6692,-0.2189,0.0179,0.6692,-100.0
2013-06-05,0.6619,-0.2331,0.013,0.6619,-100.0
2013-06-06,0.6557000000000001,-0.2597,0.019,0.6557000000000001,-100.0
2013-06-07,0.6518,-0.2671,0.0285,0.6518,-100.0
2013-06-08,0.6473,-0.2745,0.034,0.6473,-100.0
2013-06-09,0.6442,-0.259,0.041600000000000005,0.6442,-100.0
2013-06-10,0.6432,-0.2551,0.0526,0.6432,-100.0
2013-06-11,0.6441,-0.2437,0.0528,0.6441,-100.0
2013-06-12,0.6448,-0.2376,0.06670000000000001,0.6448,-100.0
2013-06-13,0.6464000000000001,-0.2094,0.0734,0.6464000000000001,-100.0
2013-06-14,0.6466000000000001,-0.17470000000000002,0.077,0.6466000000000001,-100.0
2013-06-15,0.6497,-0.1224,0.0835,0.6497,-100.0
2013-06-16,0.6524,-0.0877,0.08070000000000001,0.6524,-100.0
2013-06-17,0.6537000000000001,-0.0512,0.0716,0.6537000000000001,-100.0
2013-06-18,0.6546000000000001,0.0061,0.06810000000000001,0.6546000000000001,-100.0
2013-06-19,0.6558,0.0482,0.0528,0.6558,-100.0
2013-06-20,0.6562,0.0995,0.0361,0.6562,-100.0
2013-06-21,0.6581,0.15810000000000002,0.0236,0.6581,-100.0
2013-06-22,0.6609,0.2027,0.0067,0.6609,-100.0
2013-06-23,0.6578,0.2331,-0.0037,0.6578,-100.0
2013-06-24,0.6564,0.2526,-0.0145,0.6564,-100.0
2013-06-25,0.652,0.26780000000000004,-0.0302,0.652,-100.0
2013-06-26,0.6459,0.2508,-0.0235,0.6459,-100.0
2013-06-27,0.6419,0.2526,-0.0227,0.6419,-100.0
2013-06-28,0.6356,0.2419,-0.0098,0.6356,-100.0
2013-06-29,0.6349,0.2209,0.0015,0.6349,-100.0
2013-06-30,0.6329,0.1969,0.0141,0.6329,-100.0
2013-07-01,0.6321,0.1888,0.035500000000000004,0.6321,-100.0
2013-07-02,0.6317,0.16770000000000002,0.050100000000000006,0.6317,-100.0
2013-07-03,0.6299,0.1796,0.0688,0.6299,-100.0
2013-07-04,0.6281,0.1615,0.0892,0.6281,-100.0
2013-07-05,0.6326,0.14070000000000002,0.1121,0.6326,-100.0
2013-07-06,0.6341,0.1268,0.14600000000000002,0.6341,-100.0
2013-07-07,0.6329,0.1201,0.1685,0.6329,-100.0
2013-07-08,0.6359,0.0944,0.1938,0.6359,-100.0
2013-07-09,0.6378,0.0884,0.1925,0.6378,-100.0
2013-07-10,0.6394000000000001,0.07100000000000001,0.1963,0.6394000000000001,-100.0
2013-07-11,0.6393,0.0734,0.215,0.6393,-100.0
2013-07-12,0.6444000000000001,0.06050000000000001,0.2304,0.6444000000000001,-100.0
2013-07-13,0.6417,0.0597,0.2456,0.6417,-100.0
2013-07-14,0.642,0.0511,0.2605,0.642,-100.0
2013-07-15,0.645,0.0702,0.2872,0.645,-100.0
2013-07-16,0.6456000000000001,0.0614,0.3094,0.6456000000000001,-100.0
2013-07-17,0.6508,0.06910000000000001,0.32799999999999996,0.6508,-100.0
2013-07-18,0.6549,0.07250000000000001,0.3387,0.6549,-100.0
2013-07-19,0.6562,0.0729,0.3509,0.6562,-100.0
2013-07-20,0.6615,0.0882,0.3742,0.6615,-100.0
2013-07-21,0.6649,0.0986,0.3896,0.6649,-100.0
2013-07-22,0.6717000000000001,0.1222,0.4093,0.6717000000000001,-100.0
2013-07-23,0.6818000000000001,0.1239,0.4320000000000001,0.6818000000000001,-100.0
2013-07-24,0.6869000000000001,0.1532,0.4287,0.6869000000000001,-100.0
2013-07-25,0.6973,0.1636,0.4282,0.6973,-100.0
2013-07-26,0.7054,0.1868,0.4297,0.7054,-100.0
2013-07-27,0.7110000000000001,0.2149,0.4204,0.7110000000000001,-100.0
2013-07-28,0.7158,0.2396,0.4057,0.7158,-100.0
2013-07-29,0.7218,0.27440000000000003,0.3899,0.7218,-100.0
2013-07-30,0.7271000000000001,0.3042,0.3696,0.7271000000000001,-100.0
2013-07-31,0.7345,0.3252,0.34600000000000003,0.7345,-100.0
2013-08-01,0.7408,0.34140000000000004,0.3063,0.7408,-100.0
2013-08-02,0.7457,0.35500000000000004,0.26980000000000004,0.7457,-100.0
2013-08-03,0.7509,0.3756,0.2519,0.7509,-100.0
2013-08-04,0.7546,0.3684,0.2278,0.7546,-100.0
2013-08-05,0.7617,0.3692,0.1942,0.7617,-100.0
2013-08-06,0.7649,0.3732,0.1797,0.7649,-100.0
2013-08-07,0.7705000000000001,0.3665,0.17220000000000002,0.7705000000000001,-100.0
2013-08-08,0.774,0.3686,0.16110000000000002,0.774,-100.0
2013-08-09,0.7762,0.3904,0.1291,0.7762,-100.0
2013-08-10,0.7778,0.39799999999999996,0.1259,0.7778,-100.0
2013-08-11,0.7797000000000001,0.4152,0.1241,0.7797000000000001,-100.0
2013-08-12,0.782,0.4353,0.1137,0.782,-100.0
2013-08-13,0.7867000000000001,0.4415,0.1077,0.7867000000000001,-100.0
2013-08-14,0.7874,0.4506,0.0987,0.7874,-100.0
2013-08-15,0.7885000000000001,0.4453,0.0881,0.7885000000000001,-100.0
2013-08-16,0.7914,0.4484,0.07880000000000001,0.7914,-100.0
2013-08-17,0.7899,0.4593,0.0732,0.7899,-100.0
2013-08-18,0.7913,0.4795,0.06720000000000001,0.7913,-100.0
2013-08-19,0.7928000000000001,0.4948,0.0536,0.7928000000000001,-100.0
2013-08-20,0.7938000000000001,0.4901,0.0538,0.7938000000000001,-100.0
2013-08-21,0.7909,0.4915000000000001,0.047900000000000005,0.7909,-100.0
2013-08-22,0.7923,0.496,0.0408,0.7923,-100.0
2013-08-23,0.7905000000000001,0.4920000000000001,0.033600000000000005,0.7905000000000001,-100.0
2013-08-24,0.7873,0.4908,0.029400000000000006,0.7873,-100.0
2013-08-25,0.7871,0.5046,0.0351,0.7871,-100.0
2013-08-26,0.7867000000000001,0.4956,0.045700000000000005,0.7867000000000001,-100.0
2013-08-27,0.785,0.4916,0.0529,0.785,-100.0
2013-08-28,0.7837000000000001,0.4852,0.064,0.7837000000000001,-100.0
2013-08-29,0.7834,0.4818,0.0792,0.7834,-100.0
2013-08-30,0.7823,0.4772,0.053500000000000006,0.7823,-100.0
2013-08-31,0.7758,0.4872,0.06170000000000001,0.7758,-100.0
2013-09-01,0.7735000000000001,0.4776,0.07400000000000001,0.7735000000000001,-100.0
2013-09-02,0.7696000000000001,0.481,0.0873,0.7696000000000001,-100.0
2013-09-03,0.7655000000000001,0.4914,0.08650000000000001,0.7655000000000001,-100.0
2013-09-04,0.7585000000000001,0.5032,0.0913,0.7585000000000001,-100.0
2013-09-05,0.7534000000000001,0.5082,0.1054,0.7534000000000001,-100.0
2013-09-06,0.7496,0.5119,0.1197,0.7496,-100.0
2013-09-07,0.7438,0.5151,0.1243,0.7438,-100.0
2013-09-08,0.738,0.5251,0.14700000000000002,0.738,-100.0
2013-09-09,0.7355,0.5129,0.1568,0.7355,-100.0
2013-09-10,0.7315,0.5135000000000001,0.1758,0.7315,-100.0
2013-09-11,0.7302000000000001,0.5046,0.1918,0.7302000000000001,-100.0
2013-09-12,0.7268,0.4878,0.2112,0.7268,-100.0
2013-09-13,0.7260000000000001,0.4739,0.2469,0.7260000000000001,-100.0
2013-09-14,0.7214,0.4439,0.2581,0.7214,-100.0
2013-09-15,0.7224,0.4091,0.28850000000000003,0.7224,-100.0
2013-09-16,0.7290000000000001,0.35950000000000004,0.3052,0.7290000000000001,-100.0
2013-09-17,0.7295,0.33230000000000004,0.3145,0.7295,-100.0
2013-09-18,0.7365,0.29400000000000004,0.32899999999999996,0.7365,-100.0
2013-09-19,0.7424000000000001,0.2602,0.32830000000000004,0.7424000000000001,-100.0
2013-09-20,0.748,0.2448,0.3266,0.748,-100.0
2013-09-21,0.7501,0.2327,0.3256,0.7501,-100.0
2013-09-22,0.7536,0.2301,0.3155,0.7536,-100.0
2013-09-23,0.7564000000000001,0.2154,0.30260000000000004,0.7564000000000001,-100.0
2013-09-24,0.7565000000000001,0.221,0.2869,0.7565000000000001,-100.0
2013-09-25,0.7562,0.2223,0.2731,0.7562,-100.0
2013-09-26,0.7551,0.2279,0.2561,0.7551,-100.0
2013-09-27,0.7529,0.2366,0.2504,0.7529,-100.0
2013-09-28,0.7489,0.2453,0.24,0.7489,-100.0
2013-09-29,0.7486,0.2654,0.2464,0.7486,-100.0
2013-09-30,0.7472000000000001,0.2763,0.2426,0.7472000000000001,-100.0
2013-10-01,0.7424000000000001,0.29350000000000004,0.2477,0.7424000000000001,-100.0
2013-10-02,0.7406,0.313,0.2408,0.7406,-100.0
2013-10-03,0.7375,0.32120000000000004,0.2437,0.7375,-100.0
2013-10-04,0.7347,0.3231,0.25270000000000004,0.7347,-100.0
2013-10-05,0.733,0.32630000000000003,0.255,0.733,-100.0
2013-10-06,0.7293000000000001,0.3416,0.2404,0.7293000000000001,-100.0
2013-10-07,0.7297,0.3473,0.2485,0.7297,-100.0
2013-10-08,0.7284,0.35100000000000003,0.2609,0.7284,-100.0
2013-10-09,0.7275,0.35650000000000004,0.27290000000000003,0.7275,-100.0
2013-10-10,0.7243,0.3554,0.2601,0.7243,-100.0
2013-10-11,0.7221000000000001,0.3651,0.2483,0.7221000000000001,-100.0
2013-10-12,0.7212000000000001,0.3738,0.2431,0.7212000000000001,-100.0
2013-10-13,0.7183,0.3817,0.2402,0.7183,-100.0
2013-10-14,0.7152000000000001,0.3896,0.2323,0.7152000000000001,-100.0
2013-10-15,0.7145,0.3929,0.2216,0.7145,-100.0
2013-10-16,0.7133,0.3779,0.2044,0.7133,-100.0
2013-10-17,0.7085,0.3855,0.1904,0.7085,-100.0
2013-10-18,0.7064,0.3895,0.1752,0.7064,-100.0
2013-10-19,0.6991,0.4096,0.1399,0.6991,-100.0
2013-10-20,0.6917,0.4063,0.1216,0.6917,-100.0
2013-10-21,0.6841,0.4115,0.0964,0.6841,-100.0
2013-10-22,0.6765,0.4065,0.069,0.6765,-100.0
2013-10-23,0.6689,0.4039,0.06380000000000001,0.6689,-100.0
2013-10-24,0.6605000000000001,0.3995,0.0619,0.6605000000000001,-100.0
2013-10-25,0.6556000000000001,0.4027,0.05980000000000001,0.6556000000000001,-100.0
2013-10-26,0.6456000000000001,0.4052,0.0597,0.6456000000000001,-100.0
2013-10-27,0.6356,0.4138,0.0649,0.6356,-100.0
2013-10-28,0.6314000000000001,0.4253,0.06100000000000001,0.6314000000000001,-100.0
2013-10-29,0.6264000000000001,0.417,0.0666,0.6264000000000001,-100.0
2013-10-30,0.6241,0.4268,0.07060000000000001,0.6241,-100.0
2013-10-31,0.6223000000000001,0.4351,0.0738,0.6223000000000001,-100.0
2013-11-01,0.6197,0.4442,0.0909,0.6197,-100.0
2013-11-02,0.6223000000000001,0.44799999999999995,0.1021,0.6223000000000001,-100.0
2013-11-03,0.6248,0.4782,0.1204,0.6248,-100.0
2013-11-04,0.6248,0.5043,0.13620000000000002,0.6248,-100.0
2013-11-05,0.6311,0.4875,0.1211,0.6311,-100.0
2013-11-06,0.6325000000000001,0.474,0.1025,0.6325000000000001,-100.0
2013-11-07,0.6325000000000001,0.4742,0.0922,0.6325000000000001,-100.0
2013-11-08,0.6377,0.4737,0.08070000000000001,0.6377,-100.0
2013-11-09,0.6412,0.4646,0.05690000000000001,0.6412,-100.0
2013-11-10,0.6375000000000001,0.4594,0.033,0.6375000000000001,-100.0
2013-11-11,0.6357,0.4276,0.0234,0.6357,-100.0
2013-11-12,0.631,0.4161,0.013999999999999999,0.631,-100.0
2013-11-13,0.6269,0.4014,0.0123,0.6269,-100.0
2013-11-14,0.6233000000000001,0.3863,0.006999999999999999,0.6233000000000001,-100.0
2013-11-15,0.6212,0.3556,0.015700000000000002,0.6212,-100.0
2013-11-16,0.6168,0.3493,0.031900000000000005,0.6168,-100.0
2013-11-17,0.6136,0.34650000000000003,0.0453,0.6136,-100.0
2013-11-18,0.6106,0.3317,0.0352,0.6106,-100.0
2013-11-19,0.6058,0.3146,0.0717,0.6058,-100.0
2013-11-20,0.6025,0.2969,0.0709,0.6025,-100.0
2013-11-21,0.5997,0.2967,0.0785,0.5997,-100.0
2013-11-22,0.5974,0.3054,0.0789,0.5974,-100.0
2013-11-23,0.5963,0.312,0.0867,0.5963,-100.0
2013-11-24,0.5956,0.3272,0.0937,0.5956,-100.0
2013-11-25,0.595,0.3164,0.0896,0.595,-100.0
2013-11-26,0.5943,0.3023,0.0889,0.5943,-100.0
2013-11-27,0.5932000000000001,0.3085,0.08460000000000001,0.5932000000000001,-100.0
2013-11-28,0.5908,0.28040000000000004,0.091,0.5908,-100.0
2013-11-29,0.5915,0.27740000000000004,0.0703,0.5915,-100.0
2013-11-30,0.5887,0.2733,0.0671,0.5887,-100.0
2013-12-01,0.5857,0.25780000000000003,0.06960000000000001,0.5857,-100.0
2013-12-02,0.5856,0.25930000000000003,0.0603,0.5856,-100.0
2013-12-03,0.5794,0.2604,0.0543,0.5794,-100.0
2013-12-04,0.5748,0.2509,0.0503,0.5748,-100.0
2013-12-05,0.5753,0.2655,0.0332,0.5753,-100.0
2013-12-06,0.5713,0.267,0.0315,0.5713,-100.0
2013-12-07,0.5659000000000001,0.27240000000000003,0.0339,0.5659000000000001,-100.0
2013-12-08,0.5629000000000001,0.2671,0.0301,0.5629000000000001,-100.0
2013-12-09,0.5595,0.26980000000000004,0.0384,0.5595,-100.0
2013-12-10,0.5537000000000001,0.2848,0.0357,0.5537000000000001,-100.0
2013-12-11,0.5516,0.2796,0.048,0.5516,-100.0
2013-12-12,0.5488000000000001,0.2767,0.0401,0.5488000000000001,-100.0
2013-12-13,0.5491,0.2777,0.0577,0.5491,-100.0
2013-12-14,0.5469,0.28140000000000004,0.051800000000000006,0.5469,0.5469
2013-12-15,0.5486,0.2645,0.0623,0.5486,0.5486
2013-12-16,0.5451,0.2457,0.06380000000000001,0.5451,0.5451
2013-12-17,0.5427000000000001,0.228,0.0724,0.5427000000000001,0.5427000000000001
2013-12-18,0.5416000000000001,0.2252,0.0745,0.5416000000000001,0.5416000000000001
2013-12-19,0.5369,0.1951,0.057999999999999996,0.5369,0.5369
2013-12-20,0.536,0.1723,0.054000000000000006,0.536,0.536
2013-12-21,0.5332,0.15030000000000002,0.0464,0.5332,0.5332
2013-12-22,0.5296000000000001,0.12660000000000002,0.034300000000000004,0.5296000000000001,0.5296000000000001
2013-12-23,0.5275000000000001,0.1083,0.026500000000000003,0.5275000000000001,0.5275000000000001
2013-12-24,0.5253,0.0823,0.0258,0.5253,0.5253
2013-12-25,0.5194,0.0504,0.0223,0.5194,0.5194
2013-12-26,0.5183,0.035,0.027000000000000003,0.5183,0.5183
2013-12-27,0.5172,0.011,0.0264,0.5172,0.5172
2013-12-28,0.5152,0.0057,0.0135,0.5152,0.5152
2013-12-29,0.5131,0.0057,0.0228,0.5131,0.5131
2013-12-30,0.5131,0.008,0.0203,0.5131,0.5131
2013-12-31,0.5127,0.0064,0.0228,0.5127,0.5127
2014-01-01,0.5128,0.0132,0.0301,0.5128,0.5128
2014-01-02,0.5118,0.006500000000000001,0.0291,0.5118,0.5118
2014-01-03,0.5135000000000001,0.022500000000000003,0.0262,0.5135000000000001,0.5135000000000001
2014-01-04,0.5126000000000001,0.0309,0.038700000000000005,0.5126000000000001,0.5126000000000001
2014-01-05,0.5124000000000001,0.0492,0.0386,0.5124000000000001,0.5124000000000001
2014-01-06,0.5139,0.0506,0.043,0.5139,0.5139
2014-01-07,0.5161,0.0687,0.0376,0.5161,0.5161
2014-01-08,0.5176000000000001,0.069,0.0307,0.5176000000000001,0.5176000000000001
2014-01-09,0.5206000000000001,0.0693,0.0232,0.5206000000000001,0.5206000000000001
2014-01-10,0.5223,0.0707,0.0078,0.5223,0.5223
2014-01-11,0.5246000000000001,0.06770000000000001,-0.0001,0.5246000000000001,0.5246000000000001
2014-01-12,0.5266000000000001,0.06860000000000001,-0.0114,0.5266000000000001,0.5266000000000001
2014-01-13,0.5268,0.0546,-0.0366,0.5268,0.5268
2014-01-14,0.5269,0.0483,-0.0523,0.5269,0.5269
2014-01-15,0.5259,0.0397,-0.07350000000000001,0.5259,0.5259
2014-01-16,0.5258,0.0374,-0.08080000000000001,0.5258,0.5258
2014-01-17,0.5242,0.0362,-0.0862,0.5242,0.5242
2014-01-18,0.5226000000000001,0.0427,-0.0844,0.5226000000000001,0.5226000000000001
2014-01-19,0.5229,0.0466,-0.08360000000000001,0.5229,0.5229
2014-01-20,0.5199,0.07200000000000001,-0.07980000000000001,0.5199,0.5199
2014-01-21,0.5208,0.075,-0.0775,0.5208,0.5208
2014-01-22,0.5211,0.0816,-0.0675,0.5211,0.5211
2014-01-23,0.5227,0.0785,-0.06000000000000001,0.5227,0.5227
2014-01-24,0.5245000000000001,0.0755,-0.0439,0.5245000000000001,0.5245000000000001
2014-01-25,0.5248,0.08030000000000001,-0.0161,0.5248,0.5248
2014-01-26,0.5262,0.0772,0.0049,0.5262,0.5262
2014-01-27,0.5292,0.0683,0.0297,0.5292,0.5292
2014-01-28,0.5318,0.0644,0.043,0.5318,0.5318
2014-01-29,0.537,0.0505,0.0651,0.537,0.537
2014-01-30,0.5425,0.0435,0.0784,0.5425,0.5425
2014-01-31,0.5463,0.031400000000000004,0.0821,0.5463,0.5463
2014-02-01,0.5526,0.0125,0.102,0.5526,0.5526
2014-02-02,0.5554,0.0012,0.1132,-100.0,0.5554
2014-02-03,0.5607,-0.0229,0.1136,-100.0,0.5607
2014-02-04,0.5667,-0.0447,0.1203,-100.0,0.5667
2014-02-05,0.5722,-0.054200000000000005,0.1151,-100.0,0.5722
2014-02-06,0.5790000000000001,-0.0505,0.1148,-100.0,0.5790000000000001
2014-02-07,0.5854,-0.06280000000000001,0.1109,-100.0,0.5854
2014-02-08,0.5887,-0.0656,0.09000000000000001,-100.0,0.5887
2014-02-09,0.5915,-0.07640000000000001,0.0761,-100.0,0.5915
2014-02-10,0.5937,-0.0736,0.0687,-100.0,0.5937
2014-02-11,0.5971000000000001,-0.07830000000000001,0.0603,-100.0,0.5971000000000001
2014-02-12,0.5999,-0.0673,0.0519,-100.0,0.5999
2014-02-13,0.6023000000000001,-0.0561,0.0448,-100.0,0.6023000000000001
2014-02-14,0.6051000000000001,-0.0597,0.0419,-100.0,0.6051000000000001
2014-02-15,0.6077,-0.05880000000000001,0.0449,-100.0,0.6077
2014-02-16,0.6122000000000001,-0.0553,0.0412,-100.0,0.6122000000000001
2014-02-17,0.6151,-0.06330000000000001,0.0414,-100.0,0.6151
2014-02-18,0.6174000000000001,-0.0714,0.044500000000000005,-100.0,0.6174000000000001
2014-02-19,0.6219,-0.08800000000000001,0.053000000000000005,-100.0,0.6219
2014-02-20,0.6251,-0.1003,0.0549,-100.0,0.6251
2014-02-21,0.6301,-0.1135,0.0597,-100.0,0.6301
2014-02-22,0.6296,-0.13340000000000002,0.0863,-100.0,0.6296
2014-02-23,0.6358,-0.1464,0.0995,-100.0,0.6358
2014-02-24,0.6437,-0.1602,0.1138,-100.0,0.6437
2014-02-25,0.649,-0.1699,0.1232,-100.0,0.649
2014-02-26,0.6538,-0.1786,0.134,-100.0,0.6538
2014-02-27,0.6587000000000001,-0.1964,0.1277,-100.0,0.6587000000000001
2014-02-28,0.6632,-0.2086,0.1227,-100.0,0.6632
2014-03-01,0.6679,-0.2203,0.1201,-100.0,0.6679
2014-03-02,0.6739,-0.2305,0.1195,-100.0,0.6739
2014-03-03,0.6785,-0.2438,0.1104,-100.0,0.6785
2014-03-04,0.6812,-0.2438,0.1009,-100.0,0.6812
2014-03-05,0.6872,-0.2411,0.095,-100.0,0.6872
2014-03-06,0.6937,-0.2454,0.0887,-100.0,0.6937
2014-03-07,0.6957,-0.2404,0.0776,-100.0,0.6957
2014-03-08,0.6960000000000001,-0.2244,0.06470000000000001,-100.0,0.6960000000000001
2014-03-09,0.6998000000000001,-0.2235,0.0685,-100.0,0.6998000000000001
2014-03-10,0.7024,-0.2177,0.0585,-100.0,0.7024
2014-03-11,0.7048,-0.2092,0.0618,-100.0,0.7048
2014-03-12,0.7060000000000001,-0.1946,0.0606,-100.0,0.7060000000000001
2014-03-13,0.7066,-0.1949,0.0625,-100.0,0.7066
2014-03-14,0.7060000000000001,-0.1874,0.0763,-100.0,0.7060000000000001
2014-03-15,0.7074,-0.1797,0.0791,-100.0,0.7074
2014-03-16,0.7084,-0.1818,0.0881,-100.0,0.7084
2014-03-17,0.7093,-0.16590000000000002,0.0906,-100.0,0.7093
2014-03-18,0.7127,-0.16390000000000002,0.0888,-100.0,0.7127
2014-03-19,0.7164,-0.16340000000000002,0.0956,-100.0,0.7164
2014-03-20,0.7186,-0.1562,0.0882,-100.0,0.7186
2014-03-21,0.7216,-0.1615,0.0762,-100.0,0.7216
2014-03-22,0.7255,-0.1622,0.0659,-100.0,0.7255
2014-03-23,0.7305,-0.168,0.0634,-100.0,0.7305
2014-03-24,0.7339,-0.1854,0.0441,-100.0,0.7339
2014-03-25,0.7365,-0.1944,0.0252,-100.0,0.7365
2014-03-26,0.7367,-0.1919,0.0257,-100.0,0.7367
2014-03-27,0.7376,-0.1948,0.009000000000000001,-100.0,0.7376
2014-03-28,0.7347,-0.1884,-0.0098,-100.0,0.7347
2014-03-29,0.7348,-0.17750000000000002,-0.0074,-100.0,0.7348
2014-03-30,0.7331000000000001,-0.1673,-0.0009000000000000002,-100.0,0.7331000000000001
2014-03-31,0.7317,-0.14700000000000002,0.0092,-100.0,0.7317
2014-04-01,0.7317,-0.1359,0.0092,-100.0,0.7317
2014-04-02,0.73,-0.1312,-0.0098,-100.0,0.73
2014-04-03,0.7260000000000001,-0.1141,-0.006999999999999999,-100.0,0.7260000000000001
2014-04-04,0.7240000000000001,-0.1038,-0.0038,-100.0,0.7240000000000001
2014-04-05,0.7203,-0.113,0.0093,-100.0,0.7203
2014-04-06,0.7212000000000001,-0.1215,0.032100000000000004,-100.0,0.7212000000000001
2014-04-07,0.7214,-0.114,0.0303,-100.0,0.7214
2014-04-08,0.7237,-0.1369,0.0269,-100.0,0.7237
2014-04-09,0.7276,-0.1579,0.0267,-100.0,0.7276
2014-04-10,0.7289,-0.16110000000000002,0.026,-100.0,0.7289
2014-04-11,0.7297,-0.16440000000000002,0.0239,-100.0,0.7297
2014-04-12,0.7342000000000001,-0.17550000000000002,0.0329,-100.0,0.7342000000000001
2014-04-13,0.7376,-0.191,0.018500000000000003,-100.0,0.7376
2014-04-14,0.74,-0.2078,0.001,-100.0,0.74
2014-04-15,0.7439,-0.2169,-0.0123,-100.0,0.7439
2014-04-16,0.7433000000000001,-0.2346,-0.0402,-100.0,0.7433000000000001
2014-04-17,0.7441,-0.2373,-0.0346,-100.0,0.7441
2014-04-18,0.7446,-0.2304,-0.0232,-100.0,0.7446
2014-04-19,0.7452000000000001,-0.2556,-0.031900000000000005,-100.0,0.7452000000000001
2014-04-20,0.7469,-0.2418,-0.0141,-100.0,0.7469
2014-04-21,0.7499,-0.28700000000000003,0.0079,-100.0,0.7499
2014-04-22,0.7526,-0.2747,0.0396,-100.0,0.7526
2014-04-23,0.7547,-0.28500000000000003,0.0947,-100.0,0.7547
2014-04-24,0.7602,-0.31570000000000004,0.14020000000000002,-100.0,0.7602
2014-04-25,0.7686000000000001,-0.33840000000000003,0.1853,-100.0,0.7686000000000001
2014-04-26,0.782,-0.3647,0.2273,-100.0,0.782
2014-04-27,0.7921,-0.4048,0.2423,-100.0,0.7921
2014-04-28,0.8068000000000001,-0.4231,0.2672,-100.0,0.8068000000000001
2014-04-29,0.8212,-0.4574,0.2838,-100.0,0.8212
2014-04-30,0.8333,-0.4924,0.2867,-100.0,0.8333
2014-05-01,0.8458,-0.5178,0.2805,-100.0,0.8458
2014-05-02,0.8561000000000001,-0.5313,0.258,-100.0,0.8561000000000001
2014-05-03,0.8651000000000001,-0.5344,0.2314,-100.0,0.8651000000000001
2014-05-04,0.8719,-0.5437000000000001,0.1822,-100.0,0.8719
2014-05-05,0.8791,-0.5282,0.1282,-100.0,0.8791
2014-05-06,0.8832000000000001,-0.5329,0.07150000000000001,-100.0,0.8832000000000001
2014-05-07,0.8847,-0.5307000000000001,0.0218,-100.0,0.8847
2014-05-08,0.8789,-0.5114000000000001,-0.0249,-100.0,0.8789
2014-05-09,0.8757,-0.5009,-0.0635,-100.0,0.8757
2014-05-10,0.8694000000000001,-0.4733,-0.1024,-100.0,0.8694000000000001
2014-05-11,0.8640000000000001,-0.4441,-0.1197,-100.0,0.8640000000000001
2014-05-12,0.8551000000000001,-0.4253,-0.1373,-100.0,0.8551000000000001
2014-05-13,0.8436,-0.3954,-0.1703,-100.0,0.8436
2014-05-14,0.8314,-0.3637,-0.1648,-100.0,0.8314
2014-05-15,0.8204,-0.3307,-0.155,-100.0,0.8204
2014-05-16,0.8035,-0.29400000000000004,-0.15810000000000002,-100.0,0.8035
2014-05-17,0.7955,-0.2783,-0.156,-100.0,0.7955
2014-05-18,0.7842,-0.2401,-0.1427,-100.0,0.7842
2014-05-19,0.7752,-0.2086,-0.1352,-100.0,0.7752
2014-05-20,0.7695000000000001,-0.1892,-0.1056,-100.0,0.7695000000000001
2014-05-21,0.7617,-0.1691,-0.1022,-100.0,0.7617
2014-05-22,0.7558,-0.1661,-0.0873,-100.0,0.7558
2014-05-23,0.7501,-0.1409,-0.0826,-100.0,0.7501
2014-05-24,0.745,-0.1376,-0.08320000000000001,-100.0,0.745
2014-05-25,0.7419,-0.1347,-0.0772,-100.0,0.7419
2014-05-26,0.7382000000000001,-0.1296,-0.0845,-100.0,0.7382000000000001
2014-05-27,0.735,-0.1307,-0.0781,-100.0,0.735
2014-05-28,0.7299,-0.12940000000000002,-0.0813,-100.0,0.7299
2014-05-29,0.7276,-0.127,-0.0784,-100.0,0.7276
2014-05-30,0.7236,-0.1277,-0.08070000000000001,-100.0,0.7236
2014-05-31,0.7189,-0.13340000000000002,-0.07690000000000001,-100.0,0.7189
2014-06-01,0.7167,-0.1284,-0.0726,-100.0,0.7167
2014-06-02,0.7107,-0.1484,-0.07590000000000001,-100.0,0.7107
2014-06-03,0.7079000000000001,-0.15910000000000002,-0.0608,-100.0,0.7079000000000001
2014-06-04,0.7061000000000001,-0.17470000000000002,-0.0494,-100.0,0.7061000000000001
2014-06-05,0.7012,-0.2016,-0.048400000000000006,-100.0,0.7012
2014-06-06,0.6978000000000001,-0.2185,-0.0441,-100.0,0.6978000000000001
2014-06-07,0.6947,-0.2457,-0.043300000000000005,-100.0,0.6947
2014-06-08,0.6895,-0.2639,-0.0324,-100.0,0.6895
2014-06-09,0.6849000000000001,-0.2757,-0.0184,-100.0,0.6849000000000001
2014-06-10,0.6818000000000001,-0.2959,-0.015,-100.0,0.6818000000000001
2014-06-11,0.6773,-0.2983,-0.004200000000000001,-100.0,0.6773
2014-06-12,0.6715,-0.30970000000000003,-0.0117,-100.0,0.6715
2014-06-13,0.6685,-0.3267,-0.0001,-100.0,0.6685
2014-06-14,0.6679999999999999,-0.3235,0.0101,-100.0,0.6679999999999999
2014-06-15,0.665,-0.3357,0.0135,-100.0,0.665
2014-06-16,0.6636000000000001,-0.3372,0.0114,-100.0,0.6636000000000001
2014-06-17,0.6664,-0.33490000000000003,0.0101,-100.0,0.6664
2014-06-18,0.6663,-0.3042,0.0113,-100.0,0.6663
2014-06-19,0.664,-0.2889,-0.0023,-100.0,0.664
2014-06-20,0.6644,-0.2702,-0.0129,-100.0,0.6644
2014-06-21,0.6631,-0.2561,-0.0278,-100.0,0.6631
2014-06-22,0.6626000000000001,-0.25020000000000003,-0.0431,-100.0,0.6626000000000001
2014-06-23,0.6595000000000001,-0.2362,-0.0486,-100.0,0.6595000000000001
2014-06-24,0.6597000000000001,-0.2226,-0.0718,-100.0,0.6597000000000001
2014-06-25,0.6579999999999999,-0.1959,-0.08610000000000001,-100.0,0.6579999999999999
2014-06-26,0.6556000000000001,-0.1995,-0.0905,-100.0,0.6556000000000001
2014-06-27,0.6563,-0.1849,-0.0881,-100.0,0.6563
2014-06-28,0.6567000000000001,-0.1792,-0.0826,-100.0,0.6567000000000001
2014-06-29,0.6574,-0.1617,-0.083,-100.0,0.6574
2014-06-30,0.6594,-0.1448,-0.0796,-100.0,0.6594
2014-07-01,0.6641,-0.13340000000000002,-0.0724,-100.0,0.6641
2014-07-02,0.6642,-0.14450000000000002,-0.0664,-100.0,0.6642
2014-07-03,0.6647000000000001,-0.1327,-0.0585,-100.0,0.6647000000000001
2014-07-04,0.665,-0.1069,-0.0623,-100.0,0.665
2014-07-05,0.6693,-0.0889,-0.0594,-100.0,0.6693
2014-07-06,0.6706000000000001,-0.08310000000000001,-0.0527,-100.0,0.6706000000000001
2014-07-07,0.6717000000000001,-0.0772,-0.0477,-100.0,0.6717000000000001
2014-07-08,0.6764,-0.0987,-0.0349,-100.0,0.6764
2014-07-09,0.6784,-0.0825,-0.0363,-100.0,0.6784
2014-07-10,0.6797000000000001,-0.1,-0.0198,-100.0,0.6797000000000001
2014-07-11,0.6841,-0.1235,-0.0142,-100.0,0.6841
2014-07-12,0.6841,-0.1373,-0.0141,-100.0,0.6841
2014-07-13,0.6826,-0.13870000000000002,-0.0072000000000000015,-100.0,0.6826
2014-07-14,0.6827000000000001,-0.1468,0.0037,-100.0,0.6827000000000001
2014-07-15,0.68,-0.15430000000000002,0.0128,-100.0,0.68
2014-07-16,0.6779999999999999,-0.16010000000000002,0.0181,-100.0,0.6779999999999999
2014-07-17,0.6756,-0.1594,0.0272,-100.0,0.6756
2014-07-18,0.6729,-0.1689,0.0482,-100.0,0.6729
2014-07-19,0.6693,-0.16490000000000002,0.0594,-100.0,0.6693
2014-07-20,0.6659999999999999,-0.1627,0.0713,-100.0,0.6659999999999999
2014-07-21,0.6583,-0.1496,0.10800000000000001,-100.0,0.6583
2014-07-22,0.6591,-0.15030000000000002,0.1178,-100.0,0.6591
2014-07-23,0.6577000000000001,-0.1481,0.1461,-100.0,0.6577000000000001
2014-07-24,0.6598,-0.16970000000000002,0.1724,-100.0,0.6598
2014-07-25,0.6644,-0.16740000000000002,0.2006,-100.0,0.6644
2014-07-26,0.6686000000000001,-0.1641,0.2227,-100.0,0.6686000000000001
2014-07-27,0.6738000000000001,-0.1646,0.2401,-100.0,0.6738000000000001
2014-07-28,0.6817000000000001,-0.16110000000000002,0.24070000000000005,-100.0,0.6817000000000001
2014-07-29,0.6907,-0.16740000000000002,0.2494,-100.0,0.6907
2014-07-30,0.7004,-0.17170000000000002,0.2662,-100.0,0.7004
2014-07-31,0.7133,-0.1723,0.2419,-100.0,0.7133
2014-08-01,0.7232000000000001,-0.1723,0.2244,-100.0,0.7232000000000001
2014-08-02,0.7332000000000001,-0.1811,0.2122,-100.0,0.7332000000000001
2014-08-03,0.7418,-0.2012,0.2029,-100.0,0.7418
2014-08-04,0.7481,-0.2128,0.183,-100.0,0.7481
2014-08-05,0.7527,-0.2229,0.1539,-100.0,0.7527
2014-08-06,0.7581,-0.2485,0.12810000000000002,-100.0,0.7581
2014-08-07,0.7571,-0.2188,0.0964,-100.0,0.7571
2014-08-08,0.7559999999999999,-0.2235,0.0981,-100.0,0.7559999999999999
2014-08-09,0.7541,-0.2145,0.0928,-100.0,0.7541
2014-08-10,0.7542,-0.237,0.0992,-100.0,0.7542
2014-08-11,0.7562,-0.2222,0.1151,-100.0,0.7562
2014-08-12,0.7584000000000001,-0.2259,0.1284,-100.0,0.7584000000000001
2014-08-13,0.7626000000000001,-0.2258,0.1418,-100.0,0.7626000000000001
2014-08-14,0.7684000000000001,-0.241,0.1527,-100.0,0.7684000000000001
2014-08-15,0.7744000000000001,-0.2503,0.1658,-100.0,0.7744000000000001
2014-08-16,0.7816000000000001,-0.2605,0.1662,-100.0,0.7816000000000001
2014-08-17,0.787,-0.26730000000000004,0.1626,-100.0,0.787
2014-08-18,0.7959,-0.2636,0.1568,-100.0,0.7959
2014-08-19,0.804,-0.2564,0.13620000000000002,-100.0,0.804
2014-08-20,0.8087000000000001,-0.2654,0.1388,-100.0,0.8087000000000001
2014-08-21,0.8185,-0.2743,0.1172,-100.0,0.8185
2014-08-22,0.8242,-0.2868,0.0933,-100.0,0.8242
2014-08-23,0.8322,-0.2847,0.0804,-100.0,0.8322
2014-08-24,0.8369000000000001,-0.2874,0.0437,-100.0,0.8369000000000001
2014-08-25,0.8414,-0.28400000000000003,0.0252,-100.0,0.8414
2014-08-26,0.8418,-0.2525,-0.0136,-100.0,0.8418
2014-08-27,0.8431000000000001,-0.231,-0.028800000000000006,-100.0,0.8431000000000001
2014-08-28,0.8450000000000001,-0.2188,-0.0489,-100.0,0.8450000000000001
2014-08-29,0.8428,-0.2078,-0.064,-100.0,0.8428
2014-08-30,0.8377,-0.1989,-0.0955,-100.0,0.8377
2014-08-31,0.8348,-0.1848,-0.1112,-100.0,0.8348
2014-09-01,0.8296,-0.1736,-0.1241,-100.0,0.8296
2014-09-02,0.8288000000000001,-0.1404,-0.1246,-100.0,0.8288000000000001
2014-09-03,0.8237,-0.1127,-0.1416,-100.0,0.8237
2014-09-04,0.8212,-0.0925,-0.14500000000000002,-100.0,0.8212
2014-09-05,0.8186,-0.0703,-0.1497,-100.0,0.8186
2014-09-06,0.8157000000000001,-0.0424,-0.14070000000000002,-100.0,0.8157000000000001
2014-09-07,0.8147000000000001,-0.0178,-0.131,-100.0,0.8147000000000001
2014-09-08,0.8164,0.016300000000000002,-0.1325,-100.0,0.8164
2014-09-09,0.8166,0.0476,-0.1221,-100.0,0.8166
2014-09-10,0.8185,0.06430000000000001,-0.1148,-100.0,0.8185
2014-09-11,0.8177000000000001,0.1028,-0.1121,-100.0,0.8177000000000001
2014-09-12,0.8198000000000001,0.12860000000000002,-0.1099,-100.0,0.8198000000000001
2014-09-13,0.8172,0.1545,-0.1046,-100.0,0.8172
2014-09-14,0.8147000000000001,0.1832,-0.0961,-100.0,0.8147000000000001
2014-09-15,0.8121,0.2055,-0.0908,-100.0,0.8121
2014-09-16,0.8109000000000001,0.2427,-0.079,-100.0,0.8109000000000001
2014-09-17,0.8098000000000001,0.2639,-0.0685,-100.0,0.8098000000000001
2014-09-18,0.8098000000000001,0.2808,-0.0627,-100.0,0.8098000000000001
2014-09-19,0.8079000000000001,0.3047,-0.0575,-100.0,0.8079000000000001
2014-09-20,0.8057000000000001,0.2993,-0.0556,-100.0,0.8057000000000001
2014-09-21,0.8051,0.317,-0.0621,-100.0,0.8051
2014-09-22,0.8059000000000001,0.3357,-0.053700000000000005,-100.0,0.8059000000000001
2014-09-23,0.8061,0.318,-0.0375,-100.0,0.8061
2014-09-24,0.8034,0.3169,-0.0358,-100.0,0.8034
2014-09-25,0.8043,0.31320000000000003,-0.0283,-100.0,0.8043
2014-09-26,0.8072,0.3078,-0.016900000000000002,-100.0,0.8072
2014-09-27,0.809,0.3105,-0.0064,-100.0,0.809
2014-09-28,0.8124,0.30820000000000003,-0.03,-100.0,0.8124
2014-09-29,0.8147000000000001,0.31970000000000004,-0.0366,-100.0,0.8147000000000001
2014-09-30,0.8135,0.33280000000000004,-0.029300000000000007,-100.0,0.8135
2014-10-01,0.8122,0.3327,-0.0386,-100.0,0.8122
2014-10-02,0.8152,0.3431,-0.0328,-100.0,0.8152
2014-10-03,0.8137000000000001,0.35710000000000003,-0.0313,-100.0,0.8137000000000001
2014-10-04,0.8130000000000001,0.39,-0.0238,-100.0,0.8130000000000001
2014-10-05,0.8109000000000001,0.3968,-0.0213,-100.0,0.8109000000000001
2014-10-06,0.8111,0.4086,-0.021,-100.0,0.8111
2014-10-07,0.8085,0.4328,-0.0152,-100.0,0.8085
2014-10-08,0.8135,0.4456,0.0021000000000000003,-100.0,0.8135
2014-10-09,0.8098000000000001,0.4592,0.0048,-100.0,0.8098000000000001
2014-10-10,0.8082,0.4854,0.0043,-100.0,0.8082
2014-10-11,0.8082,0.4905000000000001,0.0106,-100.0,0.8082
2014-10-12,0.8062,0.479,0.0238,-100.0,0.8062
2014-10-13,0.8026000000000001,0.4919,0.016300000000000002,-100.0,0.8026000000000001
2014-10-14,0.7971,0.4646,0.0364,-100.0,0.7971
2014-10-15,0.7917000000000001,0.4532000000000001,0.040999999999999995,-100.0,0.7917000000000001
2014-10-16,0.7867000000000001,0.4419,0.0436,-100.0,0.7867000000000001
2014-10-17,0.7803,0.4164,0.0493,-100.0,0.7803
2014-10-18,0.7739,0.4072,0.0533,-100.0,0.7739
2014-10-19,0.7687,0.4039,0.0728,-100.0,0.7687
2014-10-20,0.7629,0.39,0.0726,-100.0,0.7629
2014-10-21,0.7586,0.38,0.0794,-100.0,0.7586
2014-10-22,0.7542,0.3751,0.0908,-100.0,0.7542
2014-10-23,0.7506,0.3702,0.1011,-100.0,0.7506
2014-10-24,0.7465,0.3717,0.1042,-100.0,0.7465
2014-10-25,0.7437,0.3612,0.12810000000000002,-100.0,0.7437
2014-10-26,0.7426,0.3629,0.1446,-100.0,0.7426
2014-10-27,0.7426,0.3534,0.1413,-100.0,0.7426
2014-10-28,0.7390000000000001,0.3608,0.14750000000000002,-100.0,0.7390000000000001
2014-10-29,0.7346,0.3674,0.13820000000000002,-100.0,0.7346
2014-10-30,0.7312000000000001,0.37,0.1317,-100.0,0.7312000000000001
2014-10-31,0.7295,0.3773,0.1146,-100.0,0.7295
2014-11-01,0.7275,0.3901,0.1044,-100.0,0.7275
2014-11-02,0.7246,0.3992,0.1009,-100.0,0.7246
2014-11-03,0.7221000000000001,0.4096,0.1027,-100.0,0.7221000000000001
2014-11-04,0.7223,0.4057,0.1094,-100.0,0.7223
2014-11-05,0.7208,0.4278,0.0839,-100.0,0.7208
2014-11-06,0.7187,0.4364,0.0826,-100.0,0.7187
2014-11-07,0.7203,0.4335,0.0897,-100.0,0.7203
2014-11-08,0.7185,0.4214,0.0752,-100.0,0.7185
2014-11-09,0.7149,0.4416000000000001,0.07590000000000001,-100.0,0.7149
2014-11-10,0.7108,0.4270000000000001,0.0782,-100.0,0.7108
2014-11-11,0.7052,0.4244,0.0742,-100.0,0.7052
2014-11-12,0.7026,0.4333,0.0741,-100.0,0.7026
2014-11-13,0.6998000000000001,0.4438,0.0684,-100.0,0.6998000000000001
2014-11-14,0.6992,0.4353,0.0776,-100.0,0.6992
2014-11-15,0.6963,0.4332,0.0824,-100.0,0.6963
2014-11-16,0.6926,0.4309,0.08750000000000001,-100.0,0.6926
2014-11-17,0.6901,0.4136,0.0781,-100.0,0.6901
2014-11-18,0.6859000000000001,0.4101,0.079,-100.0,0.6859000000000001
2014-11-19,0.6808000000000001,0.4065,0.0702,-100.0,0.6808000000000001
2014-11-20,0.6788000000000001,0.386,0.06620000000000001,-100.0,0.6788000000000001
2014-11-21,0.6758000000000001,0.3803,0.0692,-100.0,0.6758000000000001
2014-11-22,0.6729999999999999,0.35660000000000003,0.07490000000000001,-100.0,0.6729999999999999
2014-11-23,0.6683,0.33230000000000004,0.06420000000000001,-100.0,0.6683
2014-11-24,0.6676000000000001,0.3342,0.0603,-100.0,0.6676000000000001
2014-11-25,0.6645,0.326,0.0575,-100.0,0.6645
2014-11-26,0.6644,0.29300000000000004,0.051,-100.0,0.6644
2014-11-27,0.6631,0.2943,0.043,-100.0,0.6631
2014-11-28,0.6617000000000001,0.29250000000000004,0.0405,-100.0,0.6617000000000001
2014-11-29,0.6588,0.268,0.028200000000000006,-100.0,0.6588
2014-11-30,0.6556000000000001,0.2607,0.0313,-100.0,0.6556000000000001
2014-12-01,0.6505000000000001,0.2442,0.0233,-100.0,0.6505000000000001
2014-12-02,0.6479,0.2296,0.0273,-100.0,0.6479
2014-12-03,0.6461,0.2174,0.032,-100.0,0.6461
2014-12-04,0.6426000000000001,0.2183,0.0325,-100.0,0.6426000000000001
2014-12-05,0.6429,0.2049,0.0417,-100.0,0.6429
2014-12-06,0.6434000000000001,0.2017,0.049,-100.0,0.6434000000000001
2014-12-07,0.6426000000000001,0.1909,0.06050000000000001,-100.0,0.6426000000000001
2014-12-08,0.6424000000000001,0.1789,0.06960000000000001,-100.0,0.6424000000000001
2014-12-09,0.6437,0.16,0.0698,-100.0,0.6437
2014-12-10,0.6437,0.1453,0.0763,-100.0,0.6437
2014-12-11,0.6435000000000001,0.1297,0.0779,-100.0,0.6435000000000001
2014-12-12,0.6463,0.123,0.0776,-100.0,0.6463
2014-12-13,0.6486000000000001,0.12610000000000002,0.08030000000000001,-100.0,0.6486000000000001
2014-12-14,0.6494,0.1215,0.0804,-100.0,0.6494
2014-12-15,0.6511,0.1246,0.0816,-100.0,0.6511
2014-12-16,0.6519,0.133,0.08560000000000001,-100.0,0.6519
2014-12-17,0.6528,0.1291,0.0928,-100.0,0.6528
2014-12-18,0.6546000000000001,0.13770000000000002,0.0966,-100.0,0.6546000000000001
2014-12-19,0.6609999999999999,0.153,0.1085,-100.0,0.6609999999999999
2014-12-20,0.6637000000000001,0.1524,0.1157,-100.0,0.6637000000000001
2014-12-21,0.6669,0.15230000000000002,0.1172,-100.0,0.6669
2014-12-22,0.6723,0.1476,0.1259,-100.0,0.6723
2014-12-23,0.6753,0.1427,0.1181,-100.0,0.6753
2014-12-24,0.6776,0.133,0.1106,-100.0,0.6776
2014-12-25,0.6817000000000001,0.1089,0.11,-100.0,0.6817000000000001
2014-12-26,0.6831,0.1096,0.1199,-100.0,0.6831
2014-12-27,0.6862,0.0937,0.1306,-100.0,0.6862
2014-12-28,0.6916,0.06420000000000001,0.1352,-100.0,0.6916
2014-12-29,0.6966,0.027100000000000003,0.1449,-100.0,0.6966
2014-12-30,0.7006,-0.0061,0.1457,-100.0,0.7006
2014-12-31,0.7079000000000001,-0.041600000000000005,0.1512,-100.0,0.7079000000000001
2015-01-01,0.7132000000000001,-0.0674,0.155,-100.0,0.7132000000000001
2015-01-02,0.7199,-0.0959,0.15760000000000002,-100.0,0.7199
2015-01-03,0.7279,-0.0972,0.16590000000000002,-100.0,0.7279
2015-01-04,0.7356,-0.1105,0.16740000000000002,-100.0,0.7356
2015-01-05,0.7447,-0.1295,0.16190000000000002,-100.0,0.7447
2015-01-06,0.7506,-0.14500000000000002,0.162,-100.0,0.7506
2015-01-07,0.7576,-0.157,0.1628,-100.0,0.7576
2015-01-08,0.7626000000000001,-0.163,0.1584,-100.0,0.7626000000000001
2015-01-09,0.7676000000000001,-0.1541,0.14300000000000002,-100.0,0.7676000000000001
2015-01-10,0.7734000000000001,-0.1748,0.132,-100.0,0.7734000000000001
2015-01-11,0.7756000000000001,-0.1796,0.1146,-100.0,0.7756000000000001
2015-01-12,0.7801,-0.1784,0.1024,-100.0,0.7801
2015-01-13,0.7824,-0.19399999999999998,0.0886,-100.0,0.7824
2015-01-14,0.7852,-0.2081,0.07540000000000001,-100.0,0.7852
2015-01-15,0.7856000000000001,-0.2158,0.0698,-100.0,0.7856000000000001
2015-01-16,0.7869,-0.2273,0.0618,-100.0,0.7869
2015-01-17,0.7881,-0.2302,0.0631,-100.0,0.7881
2015-01-18,0.7884,-0.2351,0.051300000000000005,-100.0,0.7884
2015-01-19,0.7877000000000001,-0.24750000000000005,0.0439,-100.0,0.7877000000000001
2015-01-20,0.7875000000000001,-0.2444,0.0335,-100.0,0.7875000000000001
2015-01-21,0.7853,-0.2473,0.0146,-100.0,0.7853
2015-01-22,0.7856000000000001,-0.2697,0.01,-100.0,0.7856000000000001
2015-01-23,0.7857000000000001,-0.2756,0.006200000000000001,-100.0,0.7857000000000001
2015-01-24,0.7859999999999999,-0.2816,-0.0049,-100.0,0.7859999999999999
2015-01-25,0.7868,-0.2926,-0.0281,-100.0,0.7868
2015-01-26,0.7878000000000001,-0.2904,-0.0272,-100.0,0.7878000000000001
2015-01-27,0.7867000000000001,-0.30610000000000004,-0.0408,-100.0,0.7867000000000001
2015-01-28,0.7858,-0.3027,-0.05810000000000001,-100.0,0.7858
2015-01-29,0.7871,-0.30510000000000004,-0.0632,-100.0,0.7871
2015-01-30,0.7895000000000001,-0.3084,-0.0627,-100.0,0.7895000000000001
2015-01-31,0.7899,-0.3291,-0.0543,-100.0,0.7899
2015-02-01,0.7907000000000001,-0.3336,-0.0573,-100.0,0.7907000000000001
2015-02-02,0.7912,-0.33190000000000003,-0.0637,-100.0,0.7912
2015-02-03,0.7935,-0.32630000000000003,-0.0606,-100.0,0.7935
2015-02-04,0.7913,-0.3204,-0.0661,-100.0,0.7913
2015-02-05,0.7905000000000001,-0.3146,-0.0697,-100.0,0.7905000000000001
2015-02-06,0.7879,-0.29960000000000003,-0.0732,-100.0,0.7879
2015-02-07,0.7847000000000001,-0.2757,-0.078,-100.0,0.7847000000000001
2015-02-08,0.7816000000000001,-0.26430000000000003,-0.0671,-100.0,0.7816000000000001
2015-02-09,0.7798,-0.2331,-0.0685,-100.0,0.7798
2015-02-10,0.7776000000000001,-0.212,-0.0746,-100.0,0.7776000000000001
2015-02-11,0.7781,-0.1975,-0.0864,-100.0,0.7781
2015-02-12,0.7747,-0.17900000000000002,-0.099,-100.0,0.7747
2015-02-13,0.7721,-0.16790000000000002,-0.0945,-100.0,0.7721
2015-02-14,0.7739,-0.1527,-0.0966,-100.0,0.7739
2015-02-15,0.772,-0.1504,-0.1002,-100.0,0.772
2015-02-16,0.7693,-0.136,-0.0913,-100.0,0.7693
2015-02-17,0.7669,-0.1375,-0.0963,-100.0,0.7669
2015-02-18,0.7655000000000001,-0.1595,-0.083,-100.0,0.7655000000000001
2015-02-19,0.7632,-0.1431,-0.0779,-100.0,0.7632
2015-02-20,0.7609999999999999,-0.1423,-0.0767,-100.0,0.7609999999999999
2015-02-21,0.7572,-0.1468,-0.095,-100.0,0.7572
2015-02-22,0.7552,-0.15560000000000002,-0.0964,-100.0,0.7552
2015-02-23,0.7535000000000001,-0.1803,-0.1018,-100.0,0.7535000000000001
2015-02-24,0.7494000000000001,-0.1936,-0.0699,-100.0,0.7494000000000001
2015-02-25,0.7444000000000001,-0.1966,-0.07010000000000001,-100.0,0.7444000000000001
2015-02-26,0.7416,-0.1972,-0.0653,-100.0,0.7416
2015-02-27,0.7363000000000001,-0.1966,-0.0431,-100.0,0.7363000000000001
2015-02-28,0.74,-0.2021,-0.029400000000000006,-100.0,0.74
2015-03-01,0.7394000000000001,-0.2149,-0.0092,-100.0,0.7394000000000001
2015-03-02,0.7389,-0.231,0.006900000000000001,-100.0,0.7389
2015-03-03,0.7411,-0.24700000000000005,0.032100000000000004,-100.0,0.7411
2015-03-04,0.7461,-0.2576,0.0526,-100.0,0.7461
2015-03-05,0.7461,-0.2721,0.0695,-100.0,0.7461
2015-03-06,0.7536,-0.2964,0.0938,-100.0,0.7536
2015-03-07,0.7575000000000001,-0.2859,0.1112,-100.0,0.7575000000000001
2015-03-08,0.7638,-0.2859,0.1242,-100.0,0.7638
2015-03-09,0.7689,-0.2836,0.1154,-100.0,0.7689
2015-03-10,0.7773,-0.28090000000000004,0.1117,-100.0,0.7773
2015-03-11,0.7838,-0.2798,0.118,-100.0,0.7838
2015-03-12,0.7897000000000001,-0.2733,0.1084,-100.0,0.7897000000000001
2015-03-13,0.7936000000000001,-0.2705,0.0955,-100.0,0.7936000000000001
2015-03-14,0.7979999999999999,-0.2521,0.08170000000000001,-100.0,0.7979999999999999
2015-03-15,0.7981,-0.2225,0.066,-100.0,0.7981
2015-03-16,0.7996000000000001,-0.2061,0.0702,-100.0,0.7996000000000001
2015-03-17,0.8015,-0.1948,0.0645,-100.0,0.8015
2015-03-18,0.8014,-0.1781,0.0603,-100.0,0.8014
2015-03-19,0.8041,-0.1632,0.0562,-100.0,0.8041
2015-03-20,0.8059000000000001,-0.14500000000000002,0.0609,-100.0,0.8059000000000001
2015-03-21,0.8086,-0.14200000000000002,0.06860000000000001,-100.0,0.8086
2015-03-22,0.8145,-0.1315,0.0687,-100.0,0.8145
2015-03-23,0.8168000000000001,-0.1142,0.0753,-100.0,0.8168000000000001
2015-03-24,0.8245,-0.1057,0.0719,-100.0,0.8245
2015-03-25,0.8306,-0.1027,0.07050000000000001,-100.0,0.8306
2015-03-26,0.8318000000000001,-0.0992,0.06860000000000001,-100.0,0.8318000000000001
2015-03-27,0.8353,-0.0953,0.055900000000000005,-100.0,0.8353
2015-03-28,0.8392000000000001,-0.0982,0.0437,-100.0,0.8392000000000001
2015-03-29,0.8416,-0.0945,0.0262,0.8416,0.8416
2015-03-30,0.8458,-0.1001,0.0081,0.8458,0.8458
2015-03-31,0.8469,-0.1133,-0.0057,0.8469,0.8469
2015-04-01,0.8439000000000001,-0.1177,-0.0401,0.8439000000000001,0.8439000000000001
2015-04-02,0.8426,-0.12810000000000002,-0.055400000000000005,0.8426,0.8426
2015-04-03,0.8408,-0.1501,-0.07640000000000001,0.8408,0.8408
2015-04-04,0.8381000000000001,-0.1542,-0.0926,0.8381000000000001,0.8381000000000001
2015-04-05,0.8323,-0.1683,-0.08750000000000001,0.8323,0.8323
2015-04-06,0.8263,-0.17550000000000002,-0.0791,0.8263,0.8263
2015-04-07,0.8213,-0.1762,-0.07780000000000001,0.8213,0.8213
2015-04-08,0.8180000000000001,-0.1964,-0.0587,0.8180000000000001,0.8180000000000001
2015-04-09,0.8156,-0.1837,-0.0397,0.8156,0.8156
2015-04-10,0.8131,-0.1946,-0.017,0.8131,0.8131
2015-04-11,0.8133,-0.1902,0.013999999999999999,0.8133,0.8133
2015-04-12,0.8151,-0.1846,0.052000000000000005,0.8151,0.8151
2015-04-13,0.8180000000000001,-0.1724,0.0945,0.8180000000000001,0.8180000000000001
2015-04-14,0.8234,-0.1691,0.13820000000000002,0.8234,0.8234
2015-04-15,0.8308000000000001,-0.1582,0.1954,0.8308000000000001,0.8308000000000001
2015-04-16,0.8410000000000001,-0.1429,0.242,0.8410000000000001,0.8410000000000001
2015-04-17,0.8555,-0.133,0.2967,0.8555,0.8555
2015-04-18,0.8702000000000001,-0.1161,0.3356,0.8702000000000001,0.8702000000000001
2015-04-19,0.8855000000000001,-0.103,0.3722,0.8855000000000001,0.8855000000000001
2015-04-20,0.9005000000000001,-0.1017,0.4101,0.9005000000000001,0.9005000000000001
2015-04-21,0.9222,-0.1002,0.4368,0.9222,0.9222
2015-04-22,0.9393,-0.0964,0.4501,0.9393,0.9393
2015-04-23,0.9575,-0.1036,0.4592,0.9575,0.9575
2015-04-24,0.9766,-0.1023,0.4564,0.9766,0.9766
2015-04-25,0.9942,-0.1106,0.4555,0.9942,0.9942
2015-04-26,1.0133,-0.1315,0.421,1.0133,1.0133
2015-04-27,1.0278,-0.1315,0.3919,1.0278,1.0278
2015-04-28,1.0411,-0.1358,0.3463,1.0411,1.0411
2015-04-29,1.0546,-0.1449,0.2949,1.0546,1.0546
2015-04-30,1.0619,-0.155,0.2361,1.0619,1.0619
2015-05-01,1.0666,-0.1862,0.1772,1.0666,1.0666
2015-05-02,1.0642,-0.1889,0.0939,1.0642,1.0642
2015-05-03,1.0634,-0.2161,0.0241,1.0634,1.0634
2015-05-04,1.0523,-0.233,-0.0224,1.0523,1.0523
2015-05-05,1.043,-0.2495,-0.0853,1.043,1.043
2015-05-06,1.0354,-0.2747,-0.1376,1.0354,1.0354
2015-05-07,1.0276,-0.2947,-0.185,1.0276,1.0276
2015-05-08,1.0138,-0.3377,-0.237,1.0138,1.0138
2015-05-09,1.001,-0.3447,-0.26940000000000003,1.001,1.001
2015-05-10,0.9859,-0.35760000000000003,-0.2916,0.9859,0.9859
2015-05-11,0.9718,-0.34590000000000004,-0.3176,0.9718,0.9718
2015-05-12,0.9603,-0.3605,-0.3336,0.9603,0.9603
2015-05-13,0.9466,-0.3665,-0.3498,0.9466,0.9466
2015-05-14,0.9318,-0.3533,-0.3635,0.9318,0.9318
2015-05-15,0.9203,-0.3503,-0.3712,0.9203,0.9203
2015-05-16,0.9085,-0.34690000000000004,-0.375,0.9085,0.9085
2015-05-17,0.9,-0.3524,-0.3524,0.9,0.9
2015-05-18,0.8862,-0.3448,-0.3412,0.8862,0.8862
2015-05-19,0.8739,-0.3382,-0.3337,0.8739,0.8739
2015-05-20,0.8640000000000001,-0.3347,-0.3206,0.8640000000000001,0.8640000000000001
2015-05-21,0.8555,-0.3388,-0.2973,0.8555,0.8555
2015-05-22,0.8444,-0.3377,-0.2757,0.8444,0.8444
2015-05-23,0.8363,-0.3173,-0.2564,0.8363,0.8363
2015-05-24,0.8272,-0.3271,-0.2253,0.8272,0.8272
2015-05-25,0.8166,-0.31020000000000003,-0.2045,0.8166,0.8166
2015-05-26,0.8151,-0.30760000000000004,-0.1942,0.8151,0.8151
2015-05-27,0.8062,-0.3093,-0.1757,0.8062,0.8062
2015-05-28,0.7989,-0.3033,-0.1713,0.7989,0.7989
2015-05-29,0.7929999999999999,-0.2879,-0.1469,0.7929999999999999,0.7929999999999999
2015-05-30,0.7872,-0.29550000000000004,-0.1231,0.7872,0.7872
2015-05-31,0.7804,-0.2842,-0.1174,0.7804,0.7804
2015-06-01,0.7745000000000001,-0.275,-0.1015,0.7745000000000001,0.7745000000000001
2015-06-02,0.7703,-0.27390000000000003,-0.081,0.7703,0.7703
2015-06-03,0.7685000000000001,-0.26780000000000004,-0.0853,0.7685000000000001,0.7685000000000001
2015-06-04,0.7633000000000001,-0.276,-0.0805,0.7633000000000001,0.7633000000000001
2015-06-05,0.7592,-0.2712,-0.0616,0.7592,0.7592
2015-06-06,0.7559,-0.264,-0.0584,0.7559,0.7559
2015-06-07,0.7527,-0.2655,-0.0504,0.7527,0.7527
2015-06-08,0.7465,-0.26280000000000003,-0.0346,0.7465,0.7465
2015-06-09,0.7428,-0.268,-0.0329,0.7428,0.7428
2015-06-10,0.7428,-0.2652,-0.0114,0.7428,0.7428
2015-06-11,0.7429,-0.2447,-0.0106,0.7429,0.7429
2015-06-12,0.7423000000000001,-0.2426,0.0112,0.7423000000000001,0.7423000000000001
2015-06-13,0.741,-0.2308,0.0094,0.741,0.741
2015-06-14,0.7414000000000001,-0.2182,0.0232,0.7414000000000001,0.7414000000000001
2015-06-15,0.741,-0.2031,0.0448,0.741,0.741
2015-06-16,0.7422000000000001,-0.1786,0.0634,0.7422000000000001,0.7422000000000001
2015-06-17,0.7438,-0.1525,0.08199999999999999,0.7438,0.7438
2015-06-18,0.7468,-0.11699999999999999,0.08650000000000001,0.7468,0.7468
2015-06-19,0.7506,-0.0902,0.0985,0.7506,0.7506
2015-06-20,0.7518,-0.0427,0.1029,0.7518,0.7518
2015-06-21,0.755,-0.0024,0.1229,0.755,0.755
2015-06-22,0.76,0.0206,0.1428,0.76,0.76
2015-06-23,0.7677,0.029400000000000006,0.1437,0.7677,0.7677
2015-06-24,0.7712,0.032600000000000004,0.132,0.7712,0.7712
2015-06-25,0.7767000000000001,0.0453,0.1331,0.7767000000000001,0.7767000000000001
2015-06-26,0.7779,0.0709,0.1384,0.7779,0.7779
2015-06-27,0.7804,0.06470000000000001,0.1421,0.7804,0.7804
2015-06-28,0.7828,0.0607,0.1395,0.7828,0.7828
2015-06-29,0.7854,0.0568,0.149,0.7854,0.7854
2015-06-30,0.7884,0.0345,0.14800000000000002,0.7884,0.7884
2015-07-01,0.7924,0.0255,0.1573,0.7924,0.7924
2015-07-02,0.7966000000000001,0.0056,0.17170000000000002,0.7966000000000001,0.7966000000000001
2015-07-03,0.797,-0.0005,0.1788,0.797,0.797
2015-07-04,0.7969,-0.0179,0.1736,0.7969,0.7969
2015-07-05,0.8004,-0.0206,0.1827,0.8004,0.8004
2015-07-06,0.8039000000000001,-0.0322,0.1825,0.8039000000000001,0.8039000000000001
2015-07-07,0.8079999999999999,-0.0327,0.18600000000000005,0.8079999999999999,0.8079999999999999
2015-07-08,0.8122,-0.0454,0.1873,0.8122,0.8122
2015-07-09,0.8158000000000001,-0.0444,0.1818,0.8158000000000001,0.8158000000000001
2015-07-10,0.8187000000000001,-0.0417,0.1772,0.8187000000000001,0.8187000000000001
2015-07-11,0.8246,-0.0344,0.1792,0.8246,0.8246
2015-07-12,0.8260000000000001,-0.0153,0.1724,0.8260000000000001,0.8260000000000001
2015-07-13,0.8267,0.006200000000000001,0.1587,0.8267,0.8267
2015-07-14,0.8302,0.0459,0.15480000000000002,0.8302,0.8302
2015-07-15,0.8362,0.050800000000000005,0.1401,0.8362,0.8362
2015-07-16,0.8367,0.054700000000000006,0.13870000000000002,0.8367,0.8367
2015-07-17,0.8361000000000001,0.0891,0.1341,0.8361000000000001,0.8361000000000001
2015-07-18,0.8370000000000001,0.1055,0.1295,0.8370000000000001,0.8370000000000001
2015-07-19,0.8358,0.1042,0.127,0.8358,0.8358
2015-07-20,0.8351000000000001,0.1147,0.1229,0.8351000000000001,0.8351000000000001
2015-07-21,0.8351000000000001,0.1338,0.1214,0.8351000000000001,0.8351000000000001
2015-07-22,0.8348,0.1378,0.124,0.8348,0.8348
2015-07-23,0.8347,0.141,0.1173,0.8347,0.8347
2015-07-24,0.8315,0.1289,0.1182,0.8315,0.8315
2015-07-25,0.8306,0.13040000000000002,0.1264,0.8306,0.8306
2015-07-26,0.8307,0.1093,0.1258,0.8307,0.8307
2015-07-27,0.8287,0.1113,0.11,0.8287,0.8287
2015-07-28,0.8271000000000001,0.1054,0.105,0.8271000000000001,0.8271000000000001
2015-07-29,0.8280000000000001,0.07880000000000001,0.1146,0.8280000000000001,0.8280000000000001
2015-07-30,0.8260000000000001,0.0684,0.1118,0.8260000000000001,0.8260000000000001
2015-07-31,0.8274,0.0489,0.1124,0.8274,0.8274
2015-08-01,0.8272,0.0538,0.1145,0.8272,0.8272
2015-08-02,0.8279000000000001,0.0405,0.1113,0.8279000000000001,0.8279000000000001
2015-08-03,0.8283,0.013800000000000002,0.1064,0.8283,0.8283
2015-08-04,0.8286,-0.0011,0.1069,0.8286,0.8286
2015-08-05,0.8301000000000001,-0.0131,0.1016,0.8301000000000001,0.8301000000000001
2015-08-06,0.8284,-0.031400000000000004,0.0874,0.8284,0.8284
2015-08-07,0.8272,-0.050100000000000006,0.0679,0.8272,0.8272
2015-08-08,0.8255,-0.05830000000000001,0.051300000000000005,0.8255,0.8255
2015-08-09,0.8247,-0.0736,0.0444,0.8247,0.8247
2015-08-10,0.8230000000000001,-0.0963,0.042800000000000005,0.8230000000000001,0.8230000000000001
2015-08-11,0.8217,-0.1134,0.027600000000000003,0.8217,0.8217
2015-08-12,0.8188000000000001,-0.14170000000000002,0.0244,0.8188000000000001,0.8188000000000001
2015-08-13,0.8160000000000001,-0.14650000000000002,0.0118,0.8160000000000001,0.8160000000000001
2015-08-14,0.8158000000000001,-0.1774,0.0121,0.8158000000000001,0.8158000000000001
2015-08-15,0.8118000000000001,-0.1855,0.0145,0.8118000000000001,0.8118000000000001
2015-08-16,0.8094,-0.1957,0.0154,0.8094,0.8094
2015-08-17,0.8083,-0.2042,0.0252,0.8083,0.8083
2015-08-18,0.8056000000000001,-0.2099,0.02,0.8056000000000001,0.8056000000000001
2015-08-19,0.8057000000000001,-0.2305,0.0177,0.8057000000000001,0.8057000000000001
2015-08-20,0.8062,-0.2378,0.0332,0.8062,0.8062
2015-08-21,0.8079000000000001,-0.2432,0.047900000000000005,0.8079000000000001,0.8079000000000001
2015-08-22,0.8076,-0.2354,0.05860000000000001,0.8076,0.8076
2015-08-23,0.8098000000000001,-0.2409,0.0612,0.8098000000000001,0.8098000000000001
2015-08-24,0.8130000000000001,-0.2389,0.0551,0.8130000000000001,0.8130000000000001
2015-08-25,0.8142,-0.2289,0.06280000000000001,0.8142,0.8142
2015-08-26,0.8175,-0.223,0.0738,0.8175,0.8175
2015-08-27,0.8219000000000001,-0.2235,0.08080000000000001,0.8219000000000001,0.8219000000000001
2015-08-28,0.8221,-0.2173,0.0689,0.8221,0.8221
2015-08-29,0.8270000000000001,-0.2106,0.06330000000000001,0.8270000000000001,0.8270000000000001
2015-08-30,0.8271000000000001,-0.2123,0.0597,0.8271000000000001,0.8271000000000001
2015-08-31,0.8304,-0.2073,0.06720000000000001,0.8304,0.8304
2015-09-01,0.8320000000000001,-0.2088,0.0591,0.8320000000000001,0.8320000000000001
2015-09-02,0.8334,-0.2116,0.0591,0.8334,0.8334
2015-09-03,0.8330000000000001,-0.2202,0.0656,0.8330000000000001,0.8330000000000001
2015-09-04,0.8320000000000001,-0.1958,0.0584,0.8320000000000001,0.8320000000000001
2015-09-05,0.8324,-0.1944,0.0556,0.8324,0.8324
2015-09-06,0.8306,-0.1938,0.0561,0.8306,0.8306
2015-09-07,0.8283,-0.203,0.055400000000000005,0.8283,0.8283
2015-09-08,0.8262,-0.2036,0.0545,0.8262,0.8262
2015-09-09,0.8248000000000001,-0.1917,0.0532,0.8248000000000001,0.8248000000000001
2015-09-10,0.8255,-0.1989,0.0733,0.8255,0.8255
2015-09-11,0.8227,-0.2036,0.0708,0.8227,0.8227
2015-09-12,0.8227,-0.205,0.0721,0.8227,0.8227
2015-09-13,0.8222,-0.1811,0.07930000000000001,0.8222,0.8222
2015-09-14,0.8263,-0.1636,0.08270000000000001,0.8263,0.8263
2015-09-15,0.8278000000000001,-0.1447,0.1,0.8278000000000001,0.8278000000000001
2015-09-16,0.8280000000000001,-0.1323,0.08940000000000001,0.8280000000000001,0.8280000000000001
2015-09-17,0.8312,-0.1295,0.0824,0.8312,0.8312
2015-09-18,0.8359000000000001,-0.13,0.0884,0.8359000000000001,0.8359000000000001
2015-09-19,0.8421000000000001,-0.1278,0.1265,0.8421000000000001,0.8421000000000001
2015-09-20,0.8472000000000001,-0.1142,0.122,0.8472000000000001,0.8472000000000001
2015-09-21,0.8517,-0.1058,0.1225,0.8517,0.8517
2015-09-22,0.8512000000000001,-0.0901,0.1273,0.8512000000000001,0.8512000000000001
2015-09-23,0.8558,-0.0922,0.1342,0.8558,0.8558
2015-09-24,0.8567,-0.07830000000000001,0.13970000000000002,0.8567,0.8567
2015-09-25,0.8587,-0.0927,0.1318,0.8587,0.8587
2015-09-26,0.8615,-0.08420000000000001,0.1235,0.8615,0.8615
2015-09-27,0.8613000000000001,-0.08020000000000001,0.1242,0.8613000000000001,0.8613000000000001
2015-09-28,0.8622000000000001,-0.0863,0.1219,0.8622000000000001,0.8622000000000001
2015-09-29,0.8579,-0.08560000000000001,0.1105,0.8579,0.8579
2015-09-30,0.8535,-0.0702,0.1132,0.8535,0.8535
2015-10-01,0.8540000000000001,-0.0685,0.1196,0.8540000000000001,0.8540000000000001
2015-10-02,0.8567,-0.0766,0.1172,0.8567,0.8567
2015-10-03,0.8570000000000001,-0.0869,0.1182,0.8570000000000001,0.8570000000000001
2015-10-04,0.8614,-0.084,0.1348,0.8614,0.8614
2015-10-05,0.8615,-0.08850000000000001,0.1394,0.8615,0.8615
2015-10-06,0.8661000000000001,-0.0914,0.1301,0.8661000000000001,0.8661000000000001
2015-10-07,0.8683000000000001,-0.09000000000000001,0.1459,0.8683000000000001,0.8683000000000001
2015-10-08,0.8727,-0.0901,0.1501,0.8727,0.8727
2015-10-09,0.8762000000000001,-0.0849,0.1512,0.8762000000000001,0.8762000000000001
2015-10-10,0.882,-0.0791,0.1457,0.882,0.882
2015-10-11,0.8866,-0.0699,0.1494,0.8866,0.8866
2015-10-12,0.888,-0.0613,0.141,0.888,0.888
2015-10-13,0.8909999999999999,-0.0435,0.1388,0.8909999999999999,0.8909999999999999
2015-10-14,0.8935000000000001,-0.024800000000000003,0.13570000000000002,0.8935000000000001,0.8935000000000001
2015-10-15,0.8966000000000001,-0.0342,0.1325,0.8966000000000001,0.8966000000000001
2015-10-16,0.899,-0.0243,0.1124,0.899,0.899
2015-10-17,0.8978,-0.0372,0.1131,0.8978,0.8978
2015-10-18,0.8982,-0.0363,0.1061,0.8982,0.8982
2015-10-19,0.8978,-0.0392,0.1015,0.8978,0.8978
2015-10-20,0.8947,-0.0374,0.0923,0.8947,0.8947
2015-10-21,0.8934000000000001,-0.044500000000000005,0.0792,0.8934000000000001,0.8934000000000001
2015-10-22,0.8911,-0.0488,0.0757,0.8911,0.8911
2015-10-23,0.8881,-0.0374,0.0678,0.8881,0.8881
2015-10-24,0.8865000000000001,-0.033,0.06100000000000001,0.8865000000000001,0.8865000000000001
2015-10-25,0.8849,-0.034300000000000004,0.054200000000000005,0.8849,0.8849
2015-10-26,0.8828,-0.0327,0.049600000000000005,0.8828,0.8828
2015-10-27,0.8802000000000001,-0.0268,0.0412,0.8802000000000001,0.8802000000000001
2015-10-28,0.8768,-0.0278,0.0426,0.8768,0.8768
2015-10-29,0.8743000000000001,-0.035300000000000005,0.0437,0.8743000000000001,0.8743000000000001
2015-10-30,0.8757,-0.0393,0.0408,0.8757,0.8757
2015-10-31,0.8745,-0.0526,0.0424,0.8745,0.8745
2015-11-01,0.8740000000000001,-0.0582,0.0327,0.8740000000000001,0.8740000000000001
2015-11-02,0.8731,-0.0631,0.035300000000000005,0.8731,0.8731
2015-11-03,0.8718,-0.0656,0.038200000000000005,0.8718,0.8718
2015-11-04,0.8711000000000001,-0.06860000000000001,0.0327,0.8711000000000001,0.8711000000000001
2015-11-05,0.8697,-0.0712,0.034,0.8697,0.8697
2015-11-06,0.8692000000000001,-0.07350000000000001,0.0329,0.8692000000000001,0.8692000000000001
2015-11-07,0.8676,-0.07980000000000001,0.032,0.8676,0.8676
2015-11-08,0.8643000000000001,-0.0886,0.0356,0.8643000000000001,0.8643000000000001
2015-11-09,0.8658,-0.0938,0.0272,0.8658,0.8658
2015-11-10,0.8639,-0.0886,0.0371,0.8639,0.8639
2015-11-11,0.8606,-0.0931,0.0368,0.8606,0.8606
2015-11-12,0.8608,-0.1063,0.0301,0.8608,0.8608
2015-11-13,0.8593000000000001,-0.0955,0.0306,0.8593000000000001,0.8593000000000001
2015-11-14,0.8575,-0.0982,0.0324,0.8575,0.8575
2015-11-15,0.8580000000000001,-0.1015,0.0376,0.8580000000000001,0.8580000000000001
2015-11-16,0.8568,-0.0951,0.0366,0.8568,0.8568
2015-11-17,0.8570000000000001,-0.083,0.0371,0.8570000000000001,0.8570000000000001
2015-11-18,0.8601000000000001,-0.0614,0.0488,0.8601000000000001,0.8601000000000001
2015-11-19,0.8568,-0.044,0.047,0.8568,0.8568
2015-11-20,0.8578,-0.0366,0.053700000000000005,0.8578,0.8578
2015-11-21,0.8599,-0.0233,0.0443,0.8599,0.8599
2015-11-22,0.8652000000000001,-0.0173,0.0452,0.8652000000000001,0.8652000000000001
2015-11-23,0.8668,-0.0134,0.0436,0.8668,0.8668
2015-11-24,0.8671000000000001,-0.0023,0.0374,0.8671000000000001,0.8671000000000001
2015-11-25,0.8707,-0.0067,0.0384,0.8707,0.8707
2015-11-26,0.8706,0.004,0.0252,0.8706,0.8706
2015-11-27,0.8733000000000001,-0.0077,0.0139,0.8733000000000001,0.8733000000000001
2015-11-28,0.8759,-0.0191,0.0187,0.8759,0.8759
2015-11-29,0.8737,-0.0186,0.0099,0.8737,0.8737
2015-11-30,0.8740000000000001,-0.0442,-0.0054,0.8740000000000001,0.8740000000000001
2015-12-01,0.8749,-0.0527,-0.0182,0.8749,0.8749
2015-12-02,0.8736,-0.067,-0.0247,0.8736,0.8736
2015-12-03,0.8717,-0.0948,-0.0207,0.8717,0.8717
2015-12-04,0.8695,-0.1013,-0.0275,0.8695,0.8695
2015-12-05,0.8698,-0.1245,-0.0334,0.8698,0.8698
2015-12-06,0.8690000000000001,-0.14650000000000002,-0.044500000000000005,0.8690000000000001,0.8690000000000001
2015-12-07,0.8666,-0.1719,-0.0486,0.8666,0.8666
2015-12-08,0.8655,-0.1927,-0.0568,0.8655,0.8655
2015-12-09,0.8621000000000001,-0.2029,-0.0594,0.8621000000000001,0.8621000000000001
2015-12-10,0.8598,-0.21899999999999997,-0.0656,0.8598,0.8598
2015-12-11,0.8566,-0.2179,-0.07440000000000001,0.8566,0.8566
2015-12-12,0.8511000000000001,-0.2175,-0.08750000000000001,0.8511000000000001,0.8511000000000001
2015-12-13,0.8465,-0.2222,-0.1096,0.8465,0.8465
2015-12-14,0.8409000000000001,-0.2179,-0.12510000000000002,0.8409000000000001,0.8409000000000001
2015-12-15,0.8359000000000001,-0.2055,-0.1307,0.8359000000000001,0.8359000000000001
2015-12-16,0.8299000000000001,-0.1966,-0.1477,0.8299000000000001,0.8299000000000001
2015-12-17,0.8243,-0.1823,-0.1519,0.8243,0.8243
2015-12-18,0.8197,-0.16440000000000002,-0.15860000000000002,0.8197,0.8197
2015-12-19,0.8145,-0.155,-0.1729,0.8145,0.8145
2015-12-20,0.8087000000000001,-0.1419,-0.1781,0.8087000000000001,0.8087000000000001
2015-12-21,0.8037000000000001,-0.1328,-0.1725,0.8037000000000001,0.8037000000000001
2015-12-22,0.7969,-0.1269,-0.1781,0.7969,0.7969
2015-12-23,0.7913,-0.1199,-0.1705,0.7913,0.7913
2015-12-24,0.7864,-0.113,-0.165,0.7864,0.7864
2015-12-25,0.7811,-0.0908,-0.16060000000000002,0.7811,0.7811
2015-12-26,0.7772,-0.0945,-0.1473,0.7772,0.7772
2015-12-27,0.7734000000000001,-0.0918,-0.13390000000000002,0.7734000000000001,0.7734000000000001
2015-12-28,0.769,-0.08650000000000001,-0.1147,0.769,0.769
2015-12-29,0.7661,-0.0844,-0.107,0.7661,0.7661
2015-12-30,0.7636000000000001,-0.076,-0.1031,0.7636000000000001,0.7636000000000001
2015-12-31,0.7599,-0.0709,-0.0947,0.7599,0.7599
2016-01-01,0.7576,-0.0645,-0.0976,0.7576,0.7576
2016-01-02,0.7538,-0.0527,-0.102,0.7538,0.7538
2016-01-03,0.7506,-0.0623,-0.0951,0.7506,0.7506
2016-01-04,0.7486,-0.053700000000000005,-0.0855,0.7486,0.7486
2016-01-05,0.7461,-0.0556,-0.08270000000000001,0.7461,0.7461
2016-01-06,0.7434000000000001,-0.0561,-0.076,0.7434000000000001,0.7434000000000001
2016-01-07,0.7403000000000001,-0.0494,-0.0716,0.7403000000000001,0.7403000000000001
2016-01-08,0.7396,-0.067,-0.0708,0.7396,0.7396
2016-01-09,0.7369,-0.07150000000000001,-0.0747,0.7369,0.7369
2016-01-10,0.736,-0.08650000000000001,-0.065,0.736,0.736
2016-01-11,0.7351000000000001,-0.094,-0.0655,0.7351000000000001,0.7351000000000001
2016-01-12,0.7338,-0.0993,-0.0723,0.7338,0.7338
2016-01-13,0.7336,-0.1006,-0.0653,0.7336,0.7336
2016-01-14,0.7337,-0.1086,-0.0609,0.7337,0.7337
2016-01-15,0.7337,-0.1075,-0.05880000000000001,0.7337,0.7337
2016-01-16,0.7328,-0.1066,-0.05690000000000001,0.7328,0.7328
2016-01-17,0.7334,-0.1059,-0.0439,0.7334,0.7334
2016-01-18,0.7337,-0.0938,-0.0361,0.7337,0.7337
2016-01-19,0.7362000000000001,-0.1129,-0.0412,0.7362000000000001,0.7362000000000001
2016-01-20,0.7373000000000001,-0.1011,-0.043300000000000005,0.7373000000000001,0.7373000000000001
2016-01-21,0.7392000000000001,-0.1067,-0.0506,0.7392000000000001,0.7392000000000001
2016-01-22,0.7407,-0.1183,-0.0539,0.7407,0.7407
2016-01-23,0.7404000000000001,-0.1078,-0.0624,0.7404000000000001,0.7404000000000001
2016-01-24,0.7404000000000001,-0.1163,-0.07930000000000001,0.7404000000000001,0.7404000000000001
2016-01-25,0.743,-0.1253,-0.0889,0.743,0.743
2016-01-26,0.7429,-0.1287,-0.0941,0.7429,0.7429
2016-01-27,0.7436,-0.1378,-0.1039,0.7436,0.7436
2016-01-28,0.7412000000000001,-0.1482,-0.1106,0.7412000000000001,0.7412000000000001
2016-01-29,0.7412000000000001,-0.1521,-0.1159,0.7412000000000001,0.7412000000000001
2016-01-30,0.7403000000000001,-0.1761,-0.1073,0.7403000000000001,0.7403000000000001
2016-01-31,0.7377,-0.1767,-0.1088,0.7377,0.7377
2016-02-01,0.7382000000000001,-0.1879,-0.0975,0.7382000000000001,0.7382000000000001
2016-02-02,0.74,-0.2036,-0.0813,0.74,0.74
2016-02-03,0.7395,-0.1898,-0.0641,0.7395,0.7395
2016-02-04,0.7422000000000001,-0.1969,-0.0483,0.7422000000000001,0.7422000000000001
2016-02-05,0.7428,-0.2095,-0.0379,0.7428,0.7428
2016-02-06,0.748,-0.2175,-0.0145,0.748,0.748
2016-02-07,0.7492000000000001,-0.235,-0.0048,0.7492000000000001,0.7492000000000001
2016-02-08,0.7503000000000001,-0.2372,0.0024,0.7503000000000001,0.7503000000000001
2016-02-09,0.7529,-0.2391,0.0131,0.7529,0.7529
2016-02-10,0.7525000000000001,-0.252,0.0175,0.7525000000000001,0.7525000000000001
2016-02-11,0.7553000000000001,-0.251,0.0246,0.7553000000000001,0.7553000000000001
2016-02-12,0.7565000000000001,-0.25930000000000003,0.0337,0.7565000000000001,0.7565000000000001
2016-02-13,0.7562,-0.2482,0.0373,0.7562,0.7562
2016-02-14,0.7576,-0.2429,0.033100000000000004,0.7576,0.7576
2016-02-15,0.7608,-0.2436,0.041600000000000005,0.7608,0.7608
2016-02-16,0.7622,-0.2514,0.0413,0.7622,0.7622
2016-02-17,0.7618,-0.2524,0.0407,0.7618,0.7618
2016-02-18,0.7623000000000001,-0.2405,0.0423,0.7623000000000001,0.7623000000000001
2016-02-19,0.7608,-0.2307,0.0447,0.7608,0.7608
2016-02-20,0.7614000000000001,-0.2348,0.0589,0.7614000000000001,0.7614000000000001
2016-02-21,0.7624000000000001,-0.2435,0.0734,0.7624000000000001,0.7624000000000001
2016-02-22,0.7645000000000001,-0.2443,0.0751,0.7645000000000001,0.7645000000000001
2016-02-23,0.7655000000000001,-0.2436,0.0869,0.7655000000000001,0.7655000000000001
2016-02-24,0.7672,-0.2566,0.0964,0.7672,0.7672
2016-02-25,0.7709,-0.2637,0.1185,0.7709,0.7709
2016-02-26,0.7742,-0.2826,0.1366,0.7742,0.7742
2016-02-27,0.7772,-0.2791,0.14550000000000002,0.7772,0.7772
2016-02-28,0.7827000000000001,-0.2992,0.1541,0.7827000000000001,0.7827000000000001
2016-02-29,0.7888000000000001,-0.2924,0.1689,0.7888000000000001,0.7888000000000001
2016-03-01,0.7975,-0.2852,0.17220000000000002,0.7975,0.7975
2016-03-02,0.8023,-0.2942,0.1665,0.8023,0.8023
2016-03-03,0.8075,-0.3048,0.1632,0.8075,0.8075
2016-03-04,0.8155,-0.31930000000000003,0.1578,0.8155,0.8155
2016-03-05,0.8219000000000001,-0.3181,0.1572,0.8219000000000001,0.8219000000000001
2016-03-06,0.8279000000000001,-0.3149,0.15810000000000002,0.8279000000000001,0.8279000000000001
2016-03-07,0.8326,-0.2969,0.1622,0.8326,0.8326
2016-03-08,0.8390000000000001,-0.3012,0.1686,0.8390000000000001,0.8390000000000001
2016-03-09,0.8459,-0.2892,0.1766,0.8459,0.8459
2016-03-10,0.8508,-0.2773,0.1854,0.8508,0.8508
2016-03-11,0.8580000000000001,-0.2822,0.1863,0.8580000000000001,0.8580000000000001
2016-03-12,0.8649,-0.2761,0.1921,0.8649,0.8649
2016-03-13,0.8709,-0.27699999999999997,0.1921,0.8709,0.8709
2016-03-14,0.8777,-0.2861,0.1971,0.8777,0.8777
2016-03-15,0.8845000000000001,-0.2807,0.1966,0.8845000000000001,0.8845000000000001
2016-03-16,0.8889,-0.2852,0.1959,0.8889,0.8889
2016-03-17,0.8951,-0.2937,0.1888,0.8951,0.8951
2016-03-18,0.8976000000000001,-0.2939,0.1816,0.8976000000000001,0.8976000000000001
2016-03-19,0.9011,-0.2852,0.1728,0.9011,0.9011
2016-03-20,0.9054,-0.2795,0.1603,0.9054,0.9054
2016-03-21,0.9079999999999999,-0.28240000000000004,0.1359,0.9079999999999999,0.9079999999999999
2016-03-22,0.9133,-0.2836,0.1143,0.9133,0.9133
2016-03-23,0.9167,-0.2585,0.0838,0.9167,0.9167
2016-03-24,0.9195,-0.2497,0.0472,0.9195,0.9195
2016-03-25,0.9212,-0.2366,0.0128,0.9212,0.9212
2016-03-26,0.919,-0.2303,-0.0236,0.919,0.919
2016-03-27,0.9166,-0.2273,-0.0713,0.9166,0.9166
2016-03-28,0.9146,-0.2259,-0.1061,0.9146,0.9146
2016-03-29,0.9086,-0.2213,-0.13970000000000002,0.9086,0.9086
2016-03-30,0.9032,-0.2343,-0.1744,0.9032,0.9032
2016-03-31,0.8972,-0.2359,-0.1934,0.8972,0.8972
2016-04-01,0.8888,-0.2391,-0.2257,0.8888,0.8888
2016-04-02,0.8816,-0.235,-0.2375,0.8816,0.8816
2016-04-03,0.8751,-0.2166,-0.2347,0.8751,0.8751
2016-04-04,0.8641000000000001,-0.2108,-0.2329,0.8641000000000001,0.8641000000000001
2016-04-05,0.8608,-0.2092,-0.223,0.8608,0.8608
2016-04-06,0.8557,-0.2129,-0.2206,0.8557,0.8557
2016-04-07,0.8513000000000001,-0.2058,-0.1949,0.8513000000000001,0.8513000000000001
2016-04-08,0.8476,-0.2041,-0.1799,0.8476,0.8476
2016-04-09,0.8439000000000001,-0.2016,-0.1602,0.8439000000000001,0.8439000000000001
2016-04-10,0.8393,-0.1989,-0.13390000000000002,0.8393,0.8393
2016-04-11,0.8389000000000001,-0.206,-0.1128,0.8389000000000001,0.8389000000000001
2016-04-12,0.8412000000000001,-0.2118,-0.0779,0.8412000000000001,0.8412000000000001
2016-04-13,0.8429000000000001,-0.2137,-0.049600000000000005,0.8429000000000001,0.8429000000000001
2016-04-14,0.8437,-0.2286,-0.0307,0.8437,0.8437
2016-04-15,0.8445,-0.2204,-0.0187,0.8445,0.8445
2016-04-16,0.8438,-0.226,-0.0049,0.8438,0.8438
2016-04-17,0.8442000000000001,-0.2244,0.0102,0.8442000000000001,0.8442000000000001
2016-04-18,0.8438,-0.2251,0.0364,0.8438,0.8438
2016-04-19,0.8444,-0.2265,0.048400000000000006,0.8444,0.8444
2016-04-20,0.8466,-0.2233,0.0789,0.8466,0.8466
2016-04-21,0.8432000000000001,-0.2217,0.0924,0.8432000000000001,0.8432000000000001
2016-04-22,0.8442000000000001,-0.2318,0.1125,0.8442000000000001,0.8442000000000001
2016-04-23,0.8450000000000001,-0.2238,0.133,0.8450000000000001,0.8450000000000001
2016-04-24,0.8473,-0.2122,0.1534,0.8473,0.8473
2016-04-25,0.8473,-0.1999,0.1835,0.8473,0.8473
2016-04-26,0.8512000000000001,-0.1815,0.204,0.8512000000000001,0.8512000000000001
2016-04-27,0.8581000000000001,-0.17220000000000002,0.2318,0.8581000000000001,0.8581000000000001
2016-04-28,0.8659,-0.1689,0.2627,0.8659,0.8659
2016-04-29,0.8738,-0.1605,0.2807,0.8738,0.8738
2016-04-30,0.8831,-0.158,0.2853,0.8831,0.8831
2016-05-01,0.8943000000000001,-0.1602,0.2901,0.8943000000000001,0.8943000000000001
2016-05-02,0.9054,-0.15960000000000002,0.2911,0.9054,0.9054
2016-05-03,0.9163,-0.16640000000000002,0.2867,0.9163,0.9163
2016-05-04,0.9279999999999999,-0.16899999999999998,0.2828,0.9279999999999999,0.9279999999999999
2016-05-05,0.9384,-0.1724,0.26880000000000004,0.9384,0.9384
2016-05-06,0.9472,-0.1944,0.251,0.9472,0.9472
2016-05-07,0.9565,-0.2009,0.2231,0.9565,0.9565
2016-05-08,0.9653,-0.2207,0.2126,0.9653,0.9653
2016-05-09,0.9727,-0.2412,0.2015,0.9727,0.9727
2016-05-10,0.9778,-0.253,0.1808,0.9778,0.9778
2016-05-11,0.9809,-0.2605,0.1647,0.9809,0.9809
2016-05-12,0.9843,-0.2793,0.14850000000000002,0.9843,0.9843
2016-05-13,0.9872,-0.2988,0.14300000000000002,0.9872,0.9872
2016-05-14,0.9873,-0.3085,0.1348,0.9873,0.9873
2016-05-15,0.9846,-0.30920000000000003,0.1292,0.9846,0.9846
2016-05-16,0.9809,-0.3236,0.1159,0.9809,0.9809
2016-05-17,0.979,-0.337,0.1185,0.979,0.979
2016-05-18,0.9751,-0.3532,0.1068,0.9751,0.9751
2016-05-19,0.9709,-0.3552,0.1067,0.9709,0.9709
2016-05-20,0.9674,-0.3644,0.111,0.9674,0.9674
2016-05-21,0.9662,-0.3598,0.1015,0.9662,0.9662
2016-05-22,0.9646,-0.3531,0.1076,0.9646,0.9646
2016-05-23,0.9605,-0.3376,0.1031,0.9605,0.9605
2016-05-24,0.9571,-0.32680000000000003,0.0977,0.9571,0.9571
2016-05-25,0.9574,-0.3139,0.0845,0.9574,0.9574
2016-05-26,0.9551,-0.3,0.0805,0.9551,0.9551
2016-05-27,0.9551,-0.2634,0.0888,0.9551,0.9551
2016-05-28,0.9521,-0.2288,0.0924,0.9521,0.9521
2016-05-29,0.9534,-0.1882,0.0925,0.9534,0.9534
2016-05-30,0.9536,-0.1575,0.0994,0.9536,0.9536
2016-05-31,0.9548,-0.1191,0.1079,0.9548,0.9548
2016-06-01,0.9549,-0.07730000000000001,0.1108,0.9549,0.9549
2016-06-02,0.9555,-0.0372,0.1214,0.9555,0.9555
2016-06-03,0.9588,-0.0091,0.1371,0.9588,0.9588
2016-06-04,0.9594,0.0234,0.1519,0.9594,0.9594
2016-06-05,0.9611,0.0708,0.1554,0.9611,0.9611
2016-06-06,0.9611,0.0999,0.16290000000000002,0.9611,0.9611
2016-06-07,0.9718,0.12,0.1856,0.9718,0.9718
2016-06-08,0.9695,0.1553,0.1806,0.9695,0.9695
2016-06-09,0.9724,0.1869,0.1736,0.9724,0.9724
2016-06-10,0.9824,0.2011,0.17500000000000002,0.9824,0.9824
2016-06-11,0.9848,0.2404,0.1832,0.9848,0.9848
2016-06-12,0.9912,0.2357,0.1817,0.9912,0.9912
2016-06-13,0.9968,0.2509,0.1762,0.9968,0.9968
2016-06-14,1.0029,0.2711,0.1695,1.0029,1.0029
2016-06-15,1.0088,0.2587,0.1631,1.0088,1.0088
2016-06-16,1.0133,0.2778,0.1352,1.0133,1.0133
2016-06-17,1.02,0.2581,0.1131,1.02,1.02
2016-06-18,1.0271,0.2686,0.0954,1.0271,1.0271
2016-06-19,1.029,0.2864,0.0873,1.029,1.029
2016-06-20,1.0274,0.2695,0.0656,1.0274,1.0274
2016-06-21,1.0266,0.2692,0.054200000000000005,1.0266,1.0266
2016-06-22,1.0235,0.2446,0.042100000000000005,1.0235,1.0235
2016-06-23,1.0176,0.25070000000000003,0.038,1.0176,1.0176
2016-06-24,1.014,0.236,0.0194,1.014,1.014
2016-06-25,1.0085,0.2652,0.0122,1.0085,1.0085
2016-06-26,0.9971,0.27140000000000003,0.0034,0.9971,0.9971
2016-06-27,0.9876,0.2805,-0.0036000000000000008,0.9876,0.9876
2016-06-28,0.9782,0.2711,0.0031000000000000003,0.9782,0.9782
2016-06-29,0.969,0.2671,0.0002,0.969,0.969
2016-06-30,0.9597,0.2389,-0.0126,0.9597,0.9597
2016-07-01,0.9565,0.2071,-0.011,0.9565,0.9565
2016-07-02,0.9425,0.2584,-0.0175,0.9425,0.9425
2016-07-03,0.9343,0.2361,-0.0196,0.9343,0.9343
2016-07-04,0.9288,0.2036,-0.0249,0.9288,0.9288
2016-07-05,0.9235,0.173,-0.0268,0.9235,0.9235
2016-07-06,0.9192,0.14850000000000002,-0.0277,0.9192,0.9192
2016-07-07,0.9122,0.1172,-0.0357,0.9122,0.9122
2016-07-08,0.907,0.1079,-0.0534,0.907,0.907
2016-07-09,0.9022,0.0809,-0.0541,0.9022,0.9022
2016-07-10,0.8954000000000001,0.0566,-0.0613,0.8954000000000001,0.8954000000000001
2016-07-11,0.8892,0.0233,-0.06570000000000001,0.8892,0.8892
2016-07-12,0.883,0.0022,-0.0849,0.883,0.883
2016-07-13,0.8754000000000001,0.006999999999999999,-0.091,0.8754000000000001,0.8754000000000001
2016-07-14,0.8709,-0.0012,-0.0806,0.8709,0.8709
2016-07-15,0.8666,-0.006200000000000001,-0.095,0.8666,0.8666
2016-07-16,0.8638,-0.006900000000000001,-0.1018,0.8638,0.8638
2016-07-17,0.8615,-0.0015,-0.1192,0.8615,0.8615
2016-07-18,0.8567,-0.0005,-0.1323,0.8567,0.8567
2016-07-19,0.8530000000000001,-0.013999999999999999,-0.1501,0.8530000000000001,0.8530000000000001
2016-07-20,0.8512000000000001,-0.0405,-0.1482,0.8512000000000001,0.8512000000000001
2016-07-21,0.8512000000000001,-0.0543,-0.1622,0.8512000000000001,0.8512000000000001
2016-07-22,0.8468,-0.0707,-0.1686,0.8468,0.8468
2016-07-23,0.8445,-0.0956,-0.1726,0.8445,0.8445
2016-07-24,0.8403,-0.1359,-0.1976,0.8403,0.8403
2016-07-25,0.8357,-0.14750000000000002,-0.2045,0.8357,0.8357
2016-07-26,0.8311000000000001,-0.1694,-0.2118,0.8311000000000001,0.8311000000000001
2016-07-27,0.8284,-0.1887,-0.2193,0.8284,0.8284
2016-07-28,0.8194,-0.201,-0.2242,0.8194,0.8194
2016-07-29,0.8134,-0.2133,-0.2368,0.8134,0.8134
2016-07-30,0.8094,-0.1821,-0.2273,0.8094,0.8094
2016-07-31,0.8032,-0.2023,-0.2229,0.8032,0.8032
2016-08-01,0.7984,-0.2083,-0.2047,0.7984,0.7984
2016-08-02,0.7911,-0.2129,-0.1919,0.7911,0.7911
2016-08-03,0.7873,-0.2065,-0.1583,0.7873,0.7873
2016-08-04,0.7867000000000001,-0.1996,-0.1343,0.7867000000000001,0.7867000000000001
2016-08-05,0.787,-0.1907,-0.11699999999999999,0.787,0.787
2016-08-06,0.7853,-0.1852,-0.1001,0.7853,0.7853
2016-08-07,0.7828,-0.1887,-0.08610000000000001,0.7828,0.7828
2016-08-08,0.78,-0.1788,-0.0644,0.78,0.78
2016-08-09,0.7819,-0.1541,-0.0407,0.7819,0.7819
2016-08-10,0.7797000000000001,-0.1478,-0.0141,0.7797000000000001,0.7797000000000001
2016-08-11,0.78,-0.13440000000000002,-0.006200000000000001,0.78,0.78
2016-08-12,0.782,-0.1422,-0.0061,0.782,0.782
2016-08-13,0.7816000000000001,-0.1447,0.0038,0.7816000000000001,0.7816000000000001
2016-08-14,0.7833,-0.1631,0.015,0.7833,0.7833
2016-08-15,0.7849,-0.1656,0.0239,0.7849,0.7849
2016-08-16,0.7859,-0.1514,0.0187,0.7859,0.7859
2016-08-17,0.7844,-0.1603,0.0213,0.7844,0.7844
2016-08-18,0.7797000000000001,-0.154,0.0181,0.7797000000000001,0.7797000000000001
2016-08-19,0.7769,-0.13670000000000002,0.0308,0.7769,0.7769
2016-08-20,0.7753,-0.1429,0.0258,0.7753,0.7753
2016-08-21,0.7739,-0.1416,0.0381,0.7739,0.7739
2016-08-22,0.7749,-0.1487,0.05830000000000001,0.7749,0.7749
2016-08-23,0.777,-0.1418,0.0847,0.777,0.777
2016-08-24,0.7781,-0.12760000000000002,0.1068,0.7781,0.7781
2016-08-25,0.7782,-0.1238,0.1108,0.7782,0.7782
2016-08-26,0.7804,-0.1265,0.1216,0.7804,0.7804
2016-08-27,0.7826000000000001,-0.1277,0.1306,0.7826000000000001,0.7826000000000001
2016-08-28,0.7868,-0.1288,0.1358,0.7868,0.7868
2016-08-29,0.7904,-0.12860000000000002,0.1408,0.7904,0.7904
2016-08-30,0.7942,-0.1297,0.1436,0.7942,0.7942
2016-08-31,0.799,-0.1223,0.1389,0.799,0.799
2016-09-01,0.8024,-0.1289,0.1148,0.8024,0.8024
2016-09-02,0.807,-0.1196,0.102,0.807,0.807
2016-09-03,0.8115,-0.1293,0.0887,0.8115,0.8115
2016-09-04,0.8152,-0.1298,0.06910000000000001,0.8152,0.8152
2016-09-05,0.8188000000000001,-0.1322,0.0693,0.8188000000000001,0.8188000000000001
2016-09-06,0.8225,-0.15560000000000002,0.0651,0.8225,0.8225
2016-09-07,0.8228000000000001,-0.1594,0.0376,0.8228000000000001,0.8228000000000001
2016-09-08,0.8254,-0.1637,0.0195,0.8254,0.8254
2016-09-09,0.8242,-0.1627,-0.0009000000000000002,0.8242,0.8242
2016-09-10,0.8222,-0.1792,-0.01,0.8222,0.8222
2016-09-11,0.8171,-0.1776,-0.0172,0.8171,0.8171
2016-09-12,0.8136,-0.1409,-0.027100000000000003,0.8136,0.8136
2016-09-13,0.8045,-0.1287,-0.0209,0.8045,0.8045
2016-09-14,0.8,-0.1007,-0.0324,0.8,0.8
2016-09-15,0.7941,-0.1106,-0.0155,0.7941,0.7941
2016-09-16,0.7923,-0.0986,-0.0066,0.7923,0.7923
2016-09-17,0.7888000000000001,-0.0921,-0.008400000000000001,0.7888000000000001,0.7888000000000001
2016-09-18,0.784,-0.0786,-0.0038,0.784,0.784
2016-09-19,0.7801,-0.0654,-0.005,0.7801,0.7801
2016-09-20,0.7785000000000001,-0.0477,0.0089,0.7785000000000001,0.7785000000000001
2016-09-21,0.7771,-0.0235,0.0086,0.7771,0.7771
2016-09-22,0.7756000000000001,-0.0162,0.0064,0.7756000000000001,0.7756000000000001
2016-09-23,0.7756000000000001,0.0014,0.0112,0.7756000000000001,0.7756000000000001
2016-09-24,0.7743,0.0126,0.0224,0.7743,0.7743
2016-09-25,0.7713,0.0177,0.025,0.7713,0.7713
2016-09-26,0.7685000000000001,0.0151,0.0287,0.7685000000000001,0.7685000000000001
2016-09-27,0.7667,0.0195,0.035300000000000005,0.7667,0.7667
2016-09-28,0.7665000000000001,0.020800000000000003,0.028800000000000006,0.7665000000000001,0.7665000000000001
2016-09-29,0.7654000000000001,0.0113,0.032600000000000004,0.7654000000000001,0.7654000000000001
2016-09-30,0.7654000000000001,0.0023,0.0408,0.7654000000000001,0.7654000000000001
2016-10-01,0.7645000000000001,-0.0154,0.0524,0.7645000000000001,0.7645000000000001
2016-10-02,0.7661,-0.0238,0.06470000000000001,0.7661,0.7661
2016-10-03,0.7665000000000001,-0.0217,0.06810000000000001,0.7665000000000001,0.7665000000000001
2016-10-04,0.7675000000000001,-0.0422,0.0653,0.7675000000000001,0.7675000000000001
2016-10-05,0.7685000000000001,-0.0333,0.0524,0.7685000000000001,0.7685000000000001
2016-10-06,0.7661,-0.016,0.0463,0.7661,0.7661
2016-10-07,0.7629,-0.0041,0.045000000000000005,0.7629,0.7629
2016-10-08,0.7627,-0.0013000000000000002,0.0378,0.7627,0.7627
2016-10-09,0.7591,0.0195,0.0435,0.7591,0.7591
2016-10-10,0.7563000000000001,0.0178,0.0458,0.7563000000000001,0.7563000000000001
2016-10-11,0.7531,0.0198,0.0342,0.7531,0.7531
2016-10-12,0.7532,0.0503,0.0243,0.7532,0.7532
2016-10-13,0.7522000000000001,0.0711,0.0132,0.7522000000000001,0.7522000000000001
2016-10-14,0.7489,0.04,0.0137,0.7489,0.7489
2016-10-15,0.746,0.0587,0.004200000000000001,0.746,0.746
2016-10-16,0.7407,0.0386,0.0004,0.7407,0.7407
2016-10-17,0.737,0.006200000000000001,0.0141,0.737,0.737
2016-10-18,0.7312000000000001,0.0057,0.0196,0.7312000000000001,0.7312000000000001
2016-10-19,0.7285,0.0089,0.0284,0.7285,0.7285
2016-10-20,0.7261000000000001,0.0099,0.0497,0.7261000000000001,0.7261000000000001
2016-10-21,0.7268,0.0056,0.0499,0.7268,0.7268
2016-10-22,0.7261000000000001,0.0109,0.06280000000000001,0.7261000000000001,0.7261000000000001
2016-10-23,0.7249,-0.00030000000000000003,0.0731,0.7249,0.7249
2016-10-24,0.7255,0.0181,0.0905,0.7255,0.7255
2016-10-25,0.7261000000000001,0.029300000000000007,0.1094,0.7261000000000001,0.7261000000000001
2016-10-26,0.727,0.029300000000000007,0.1225,0.727,0.727
2016-10-27,0.7273000000000001,0.0434,0.1333,0.7273000000000001,0.7273000000000001
2016-10-28,0.7256,0.0653,0.13490000000000002,0.7256,0.7256
2016-10-29,0.7276,0.0811,0.139,0.7276,0.7276
2016-10-30,0.7319,0.1095,0.1477,0.7319,0.7319
2016-10-31,0.7340000000000001,0.1166,0.1403,0.7340000000000001,0.7340000000000001
2016-11-01,0.7362000000000001,0.1155,0.1337,0.7362000000000001,0.7362000000000001
2016-11-02,0.7359,0.12990000000000002,0.13770000000000002,0.7359,0.7359
2016-11-03,0.737,0.1474,0.1405,0.737,0.737
2016-11-04,0.7383000000000001,0.1836,0.1359,0.7383000000000001,0.7383000000000001
2016-11-05,0.7393000000000001,0.1913,0.1284,0.7393000000000001,0.7393000000000001
2016-11-06,0.7416,0.2229,0.1277,0.7416,0.7416
2016-11-07,0.7426,0.2491,0.1187,0.7426,0.7426
2016-11-08,0.7428,0.2752,0.1025,0.7428,0.7428
2016-11-09,0.7463000000000001,0.31,0.1037,0.7463000000000001,0.7463000000000001
2016-11-10,0.7486,0.32330000000000003,0.0939,0.7486,0.7486
2016-11-11,0.7498,0.3366,0.0858,0.7498,0.7498
2016-11-12,0.75,0.3463,0.0762,0.75,0.75
2016-11-13,0.7528,0.3246,0.0789,0.7528,0.7528
2016-11-14,0.7525000000000001,0.34140000000000004,0.0809,0.7525000000000001,0.7525000000000001
2016-11-15,0.7533000000000001,0.33430000000000004,0.0843,0.7533000000000001,0.7533000000000001
2016-11-16,0.7509,0.33790000000000003,0.0826,0.7509,0.7509
2016-11-17,0.75,0.3305,0.079,0.75,0.75
2016-11-18,0.7478,0.31470000000000004,0.075,0.7478,0.7478
2016-11-19,0.7463000000000001,0.2926,0.06860000000000001,0.7463000000000001,0.7463000000000001
2016-11-20,0.7429,0.2726,0.0597,0.7429,0.7429
2016-11-21,0.7409,0.2666,0.0656,0.7409,0.7409
2016-11-22,0.7401,0.2367,0.0602,0.7401,0.7401
2016-11-23,0.7369,0.1985,0.0514,0.7369,0.7369
2016-11-24,0.7369,0.1772,0.0435,0.7369,0.7369
2016-11-25,0.7345,0.132,0.037000000000000005,0.7345,0.7345
2016-11-26,0.7333000000000001,0.0905,0.0312,0.7333000000000001,0.7333000000000001
2016-11-27,0.7364,0.0455,0.008,0.7364,0.7364
2016-11-28,0.7346,0.011,0.0021000000000000003,0.7346,0.7346
2016-11-29,0.7333000000000001,-0.0184,-0.0188,0.7333000000000001,0.7333000000000001
2016-11-30,0.7296,-0.0333,-0.0164,0.7296,0.7296
2016-12-01,0.7285,-0.0495,-0.0261,0.7285,0.7285
2016-12-02,0.7237,-0.0654,-0.0255,0.7237,0.7237
2016-12-03,0.7220000000000001,-0.0905,-0.0327,0.7220000000000001,0.7220000000000001
2016-12-04,0.7186,-0.0917,-0.0238,0.7186,0.7186
2016-12-05,0.7177,-0.0927,-0.0129,0.7177,0.7177
2016-12-06,0.7186,-0.133,0.006900000000000001,0.7186,0.7186
2016-12-07,0.7174,-0.1089,0.0121,0.7174,0.7174
2016-12-08,0.7159,-0.1112,0.0156,0.7159,0.7159
2016-12-09,0.7149,-0.0973,0.016800000000000002,0.7149,0.7149
2016-12-10,0.7135,-0.1104,0.0184,0.7135,0.7135
2016-12-11,0.7098,-0.0794,0.0126,0.7098,0.7098
2016-12-12,0.7083,-0.0683,0.0156,0.7083,0.7083
2016-12-13,0.7091000000000001,-0.0381,0.0122,0.7091000000000001,0.7091000000000001
2016-12-14,0.7091000000000001,-0.012,0.0318,0.7091000000000001,0.7091000000000001
2016-12-15,0.7090000000000001,0.003,0.0275,0.7090000000000001,0.7090000000000001
2016-12-16,0.7070000000000001,0.0227,0.0187,0.7070000000000001,0.7070000000000001
2016-12-17,0.7055,0.0407,0.0196,0.7055,0.7055
2016-12-18,0.7043,0.0557,0.0309,0.7043,0.7043
2016-12-19,0.7032,0.0688,0.0234,0.7032,0.7032
2016-12-20,0.7017,0.0723,0.0151,0.7017,0.7017
2016-12-21,0.7002,0.0876,0.0026000000000000003,0.7002,0.7002
2016-12-22,0.6993,0.0963,-0.0044,0.6993,0.6993
2016-12-23,0.7001000000000001,0.0889,-0.0159,0.7001000000000001,0.7001000000000001
2016-12-24,0.6997,0.0902,-0.0134,0.6997,0.6997
2016-12-25,0.6974,0.08800000000000001,-0.0167,0.6974,0.6974
2016-12-26,0.6972,0.0852,-0.0139,0.6972,0.6972
2016-12-27,0.6946,0.08020000000000001,-0.0188,0.6946,0.6946
2016-12-28,0.6929000000000001,0.0719,-0.022,0.6929000000000001,0.6929000000000001
2016-12-29,0.6946,0.0685,-0.0131,0.6946,0.6946
2016-12-30,0.6939000000000001,0.047900000000000005,-0.0078,0.6939000000000001,0.6939000000000001
2016-12-31,0.6958000000000001,0.037000000000000005,-0.0051,0.6958000000000001,0.6958000000000001
2017-01-01,0.6948000000000001,0.0216,0.0,0.6948000000000001,0.6948000000000001
2017-01-02,0.6954,0.023,-0.0027,0.6954,0.6954
2017-01-03,0.6949000000000001,0.0205,-0.0012,0.6949000000000001,0.6949000000000001
2017-01-04,0.6940000000000001,0.0086,-0.0022,0.6940000000000001,0.6940000000000001
2017-01-05,0.6961,-0.0019,-0.0071,0.6961,0.6961
2017-01-06,0.6976,-0.008400000000000001,0.0008,0.6976,0.6976
2017-01-07,0.6985,-0.0141,0.0061,0.6985,0.6985
2017-01-08,0.6976,-0.0277,0.0122,0.6976,0.6976
2017-01-09,0.6981,-0.0318,0.0117,0.6981,0.6981
2017-01-10,0.6976,-0.0394,0.0083,0.6976,0.6976
2017-01-11,0.6983,-0.0419,0.0096,0.6983,0.6983
2017-01-12,0.7002,-0.0541,0.0127,0.7002,0.7002
2017-01-13,0.7006,-0.0534,0.0121,0.7006,0.7006
2017-01-14,0.7008,-0.0538,0.0237,0.7008,0.7008
2017-01-15,0.7022,-0.0557,0.0218,0.7022,0.7022
2017-01-16,0.7032,-0.06620000000000001,0.022,0.7032,0.7032
2017-01-17,0.7050000000000001,-0.0709,0.0179,0.7050000000000001,0.7050000000000001
2017-01-18,0.7064,-0.0763,0.0124,0.7064,0.7064
2017-01-19,0.7073,-0.0825,0.0094,0.7073,0.7073
2017-01-20,0.7094,-0.0884,0.00030000000000000003,0.7094,0.7094
2017-01-21,0.7102,-0.0872,-0.009000000000000001,0.7102,0.7102
2017-01-22,0.7101000000000001,-0.0862,-0.0212,0.7101000000000001,0.7101000000000001
2017-01-23,0.7091000000000001,-0.08850000000000001,-0.033800000000000004,0.7091000000000001,0.7091000000000001
2017-01-24,0.7099000000000001,-0.09699999999999999,-0.047900000000000005,0.7099000000000001,0.7099000000000001
2017-01-25,0.7096,-0.1001,-0.0607,0.7096,0.7096
2017-01-26,0.7086,-0.1138,-0.076,0.7086,0.7086
2017-01-27,0.7054,-0.1202,-0.0813,0.7054,0.7054
2017-01-28,0.7041000000000001,-0.1192,-0.0838,0.7041000000000001,0.7041000000000001
2017-01-29,0.7022,-0.1389,-0.092,0.7022,0.7022
2017-01-30,0.7038,-0.1476,-0.0857,0.7038,0.7038
2017-01-31,0.6999000000000001,-0.1826,-0.0848,0.6999000000000001,0.6999000000000001
2017-02-01,0.6952,-0.1876,-0.0887,0.6952,0.6952
2017-02-02,0.6925,-0.19699999999999998,-0.08370000000000001,0.6925,0.6925
2017-02-03,0.6893,-0.2023,-0.079,0.6893,0.6893
2017-02-04,0.6849000000000001,-0.2018,-0.0728,0.6849000000000001,0.6849000000000001
2017-02-05,0.6822,-0.2174,-0.0635,0.6822,0.6822
2017-02-06,0.6793,-0.2417,-0.0568,0.6793,0.6793
2017-02-07,0.6767000000000001,-0.2504,-0.0415,0.6767000000000001,0.6767000000000001
2017-02-08,0.6729,-0.26480000000000004,-0.0297,0.6729,0.6729
2017-02-09,0.6703,-0.27340000000000003,-0.0238,0.6703,0.6703
2017-02-10,0.6692,-0.2803,-0.0243,0.6692,0.6692
2017-02-11,0.6676000000000001,-0.27040000000000003,-0.018500000000000003,0.6676000000000001,0.6676000000000001
2017-02-12,0.667,-0.27040000000000003,-0.0063,0.667,0.667
2017-02-13,0.6686000000000001,-0.26280000000000003,-0.0005,0.6686000000000001,0.6686000000000001
2017-02-14,0.6681,-0.2609,0.0124,0.6681,0.6681
2017-02-15,0.6692,-0.25570000000000004,0.0143,0.6692,0.6692
2017-02-16,0.6698000000000001,-0.2433,0.0206,0.6698000000000001,0.6698000000000001
2017-02-17,0.6714,-0.2305,0.0312,0.6714,0.6714
2017-02-18,0.6732,-0.2134,0.036500000000000005,0.6732,0.6732
2017-02-19,0.6746,-0.1948,0.0401,0.6746,0.6746
2017-02-20,0.6776,-0.1625,0.0471,0.6776,0.6776
2017-02-21,0.6786,-0.1336,0.0443,0.6786,0.6786
2017-02-22,0.6834,-0.1111,0.047,0.6834,0.6834
2017-02-23,0.6866,-0.0726,0.0426,0.6866,0.6866
2017-02-24,0.6910000000000001,-0.05640000000000001,0.0481,0.6910000000000001,0.6910000000000001
2017-02-25,0.6968000000000001,-0.0116,0.06330000000000001,0.6968000000000001,0.6968000000000001
2017-02-26,0.7022,0.0012,0.0623,0.7022,0.7022
2017-02-27,0.7077,0.0228,0.0625,0.7077,0.7077
2017-02-28,0.7092,0.0251,0.0665,0.7092,0.7092
2017-03-01,0.7120000000000001,0.0285,0.0645,0.7120000000000001,0.7120000000000001
2017-03-02,0.7142000000000001,0.032600000000000004,0.0579,0.7142000000000001,0.7142000000000001
2017-03-03,0.7168,0.0267,0.0422,0.7168,0.7168
2017-03-04,0.7220000000000001,0.013,0.0505,0.7220000000000001,0.7220000000000001
2017-03-05,0.7264,0.0064,0.0424,0.7264,0.7264
2017-03-06,0.732,-0.0187,0.0485,0.732,0.732
2017-03-07,0.7372000000000001,-0.033800000000000004,0.0453,0.7372000000000001,0.7372000000000001
2017-03-08,0.7412000000000001,-0.0506,0.036500000000000005,0.7412000000000001,0.7412000000000001
2017-03-09,0.7440000000000001,-0.0651,0.034300000000000004,0.7440000000000001,0.7440000000000001
2017-03-10,0.748,-0.0874,0.033,0.748,0.748
2017-03-11,0.7505000000000001,-0.1111,0.028999999999999998,0.7505000000000001,0.7505000000000001
2017-03-12,0.7534000000000001,-0.1218,0.029300000000000007,0.7534000000000001,0.7534000000000001
2017-03-13,0.7575000000000001,-0.1443,0.0289,0.7575000000000001,0.7575000000000001
2017-03-14,0.7609,-0.153,0.0406,0.7609,0.7609
2017-03-15,0.7644000000000001,-0.1563,0.0349,0.7644000000000001,0.7644000000000001
2017-03-16,0.7669,-0.1598,0.0371,0.7669,0.7669
2017-03-17,0.7704000000000001,-0.1594,0.031,0.7704000000000001,0.7704000000000001
2017-03-18,0.7743,-0.1638,0.0344,0.7743,0.7743
2017-03-19,0.7805000000000001,-0.1738,0.0281,0.7805000000000001,0.7805000000000001
2017-03-20,0.7812,-0.1598,0.0239,0.7812,0.7812
2017-03-21,0.7839,-0.1778,0.0231,0.7839,0.7839
2017-03-22,0.7862,-0.173,0.0262,0.7862,0.7862
2017-03-23,0.79,-0.182,0.029400000000000006,0.79,0.79
2017-03-24,0.7921,-0.1736,0.0322,0.7921,0.7921
2017-03-25,0.7929,-0.18000000000000002,0.0313,0.7929,0.7929
2017-03-26,0.7935,-0.1753,0.0395,0.7935,0.7935
2017-03-27,0.7939,-0.1678,0.0483,0.7939,0.7939
2017-03-28,0.7955,-0.15480000000000002,0.057999999999999996,0.7955,0.7955
2017-03-29,0.7952,-0.1728,0.06810000000000001,0.7952,0.7952
2017-03-30,0.7958000000000001,-0.1656,0.0702,0.7958000000000001,0.7958000000000001
2017-03-31,0.7986000000000001,-0.156,0.0823,0.7986000000000001,0.7986000000000001
2017-04-01,0.8009000000000001,-0.1497,0.0936,0.8009000000000001,0.8009000000000001
2017-04-02,0.8028000000000001,-0.1433,0.0905,0.8028000000000001,0.8028000000000001
2017-04-03,0.8082,-0.1422,0.0975,0.8082,0.8082
2017-04-04,0.8105,-0.1307,0.0957,0.8105,0.8105
2017-04-05,0.8122,-0.1197,0.0821,0.8122,0.8122
2017-04-06,0.8149000000000001,-0.1148,0.08080000000000001,0.8149000000000001,0.8149000000000001
2017-04-07,0.8186,-0.1028,0.07590000000000001,0.8186,0.8186
2017-04-08,0.8199000000000001,-0.0962,0.053700000000000005,0.8199000000000001,0.8199000000000001
2017-04-09,0.8232,-0.094,0.038200000000000005,0.8232,0.8232
2017-04-10,0.8248000000000001,-0.08410000000000001,0.036000000000000004,0.8248000000000001,0.8248000000000001
2017-04-11,0.8274,-0.08420000000000001,0.0328,0.8274,0.8274
2017-04-12,0.8313,-0.0745,0.0309,0.8313,0.8313
2017-04-13,0.8344,-0.0765,0.0309,0.8344,0.8344
2017-04-14,0.8372,-0.0745,0.0341,0.8372,0.8372
2017-04-15,0.8415,-0.085,0.0394,0.8415,0.8415
2017-04-16,0.8485,-0.075,0.0562,0.8485,0.8485
2017-04-17,0.8500000000000001,-0.0609,0.07740000000000001,0.8500000000000001,0.8500000000000001
2017-04-18,0.8558,-0.052000000000000005,0.0973,0.8558,0.8558
2017-04-19,0.8632000000000001,-0.0639,0.1158,0.8632000000000001,0.8632000000000001
2017-04-20,0.8754000000000001,-0.0787,0.1419,0.8754000000000001,0.8754000000000001
2017-04-21,0.8859,-0.0877,0.1578,0.8859,0.8859
2017-04-22,0.8968,-0.0928,0.17800000000000002,0.8968,0.8968
2017-04-23,0.9063,-0.0858,0.1983,0.9063,0.9063
2017-04-24,0.9174,-0.076,0.2102,0.9174,0.9174
2017-04-25,0.9307,-0.0741,0.2264,0.9307,0.9307
2017-04-26,0.9411,-0.0648,0.2313,0.9411,0.9411
2017-04-27,0.9503,-0.05810000000000001,0.2266,0.9503,0.9503
2017-04-28,0.9582,-0.053000000000000005,0.2156,0.9582,0.9582
2017-04-29,0.9706,-0.0283,0.2153,0.9706,0.9706
2017-04-30,0.9786,-0.011,0.2078,0.9786,0.9786
2017-05-01,0.9851,0.008,0.192,0.9851,0.9851
2017-05-02,0.9929,0.0117,0.18000000000000002,0.9929,0.9929
2017-05-03,0.9974,0.028200000000000006,0.1447,0.9974,0.9974
2017-05-04,1.0017,0.0424,0.1206,1.0017,1.0017
2017-05-05,1.0026000000000002,0.0459,0.08600000000000001,1.0026000000000002,1.0026000000000002
2017-05-06,1.0032,0.0639,0.0612,1.0032,1.0032
2017-05-07,1.0009,0.0694,0.0415,1.0009,1.0009
2017-05-08,0.9963,0.0775,0.0061,0.9963,0.9963
2017-05-09,0.9931,0.0599,-0.0373,0.9931,0.9931
2017-05-10,0.9865,0.068,-0.0631,0.9865,0.9865
2017-05-11,0.9805,0.0561,-0.0934,0.9805,0.9805
2017-05-12,0.9728,0.039900000000000005,-0.1159,0.9728,0.9728
2017-05-13,0.9616,0.0349,-0.1355,0.9616,0.9616
2017-05-14,0.9498,0.0152,-0.1486,0.9498,0.9498
2017-05-15,0.939,0.016,-0.162,0.939,0.939
2017-05-16,0.9275,0.003,-0.1665,0.9275,0.9275
2017-05-17,0.9142,-0.0013000000000000002,-0.1681,0.9142,0.9142
2017-05-18,0.9024,-0.0089,-0.1686,0.9024,0.9024
2017-05-19,0.894,-0.0077,-0.16340000000000002,0.894,0.894
2017-05-20,0.884,-0.0283,-0.1584,0.884,0.884
2017-05-21,0.8726,-0.05880000000000001,-0.1516,0.8726,0.8726
2017-05-22,0.8609,-0.036500000000000005,-0.136,0.8609,0.8609
2017-05-23,0.8548,-0.0309,-0.114,0.8548,0.8548
2017-05-24,0.8498,-0.0195,-0.0811,0.8498,0.8498
2017-05-25,0.8466,-0.0269,-0.0524,0.8466,0.8466
2017-05-26,0.8445,-0.0238,-0.0134,0.8445,0.8445
2017-05-27,0.8424,-0.0258,0.0316,0.8424,0.8424
2017-05-28,0.8429000000000001,-0.0192,0.0609,0.8429000000000001,0.8429000000000001
2017-05-29,0.8442000000000001,-0.0199,0.0833,0.8442000000000001,0.8442000000000001
2017-05-30,0.8480000000000001,-0.0216,0.1091,0.8480000000000001,0.8480000000000001
2017-05-31,0.8532000000000001,-0.0171,0.1249,0.8532000000000001,0.8532000000000001
2017-06-01,0.8569,-0.0072000000000000015,0.1384,0.8569,0.8569
2017-06-02,0.8640000000000001,0.0117,0.15380000000000002,0.8640000000000001,0.8640000000000001
2017-06-03,0.871,0.0126,0.1633,0.871,0.871
2017-06-04,0.879,0.0284,0.16820000000000002,0.879,0.879
2017-06-05,0.8861,0.05,0.16640000000000002,0.8861,0.8861
2017-06-06,0.8937,0.050100000000000006,0.1565,0.8937,0.8937
2017-06-07,0.9008,0.050800000000000005,0.1453,0.9008,0.9008
2017-06-08,0.9075,0.0704,0.1307,0.9075,0.9075
2017-06-09,0.9148,0.0757,0.1185,0.9148,0.9148
2017-06-10,0.922,0.0806,0.1052,0.922,0.922
2017-06-11,0.9255,0.085,0.0844,0.9255,0.9255
2017-06-12,0.929,0.1126,0.0618,0.929,0.929
2017-06-13,0.93,0.1059,0.0325,0.93,0.93
2017-06-14,0.9319,0.1161,0.0053,0.9319,0.9319
2017-06-15,0.932,0.1298,-0.0175,0.932,0.932
2017-06-16,0.9314,0.15960000000000002,-0.0398,0.9314,0.9314
2017-06-17,0.9256,0.1532,-0.0753,0.9256,0.9256
2017-06-18,0.9187,0.15280000000000002,-0.0879,0.9187,0.9187
2017-06-19,0.9132,0.1461,-0.1127,0.9132,0.9132
2017-06-20,0.9071,0.1598,-0.119,0.9071,0.9071
2017-06-21,0.9007000000000001,0.1535,-0.13090000000000002,0.9007000000000001,0.9007000000000001
2017-06-22,0.8926000000000001,0.1603,-0.1423,0.8926000000000001,0.8926000000000001
2017-06-23,0.8857,0.1482,-0.1375,0.8857,0.8857
2017-06-24,0.8751,0.14880000000000002,-0.14650000000000002,0.8751,0.8751
2017-06-25,0.866,0.1414,-0.1646,0.866,0.866
2017-06-26,0.8550000000000001,0.1225,-0.1615,0.8550000000000001,0.8550000000000001
2017-06-27,0.8453,0.1082,-0.1666,0.8453,0.8453
2017-06-28,0.8354,0.0946,-0.1588,0.8354,0.8354
2017-06-29,0.8252,0.0699,-0.1454,0.8252,0.8252
2017-06-30,0.8161,0.06050000000000001,-0.1267,0.8161,0.8161
2017-07-01,0.8095,0.0531,-0.1078,0.8095,0.8095
2017-07-02,0.8056000000000001,0.0184,-0.08700000000000001,0.8056000000000001,0.8056000000000001
2017-07-03,0.8021,0.0046,-0.0594,0.8021,0.8021
2017-07-04,0.8009000000000001,-0.008,-0.0426,0.8009000000000001,0.8009000000000001
2017-07-05,0.8015,-0.029300000000000007,-0.0226,0.8015,0.8015
2017-07-06,0.8043,-0.0194,-0.019,0.8043,0.8043
2017-07-07,0.8035,-0.032100000000000004,-0.0095,0.8035,0.8035
2017-07-08,0.8079999999999999,-0.0039,0.0123,0.8079999999999999,0.8079999999999999
2017-07-09,0.8076,-0.004,0.027999999999999997,0.8076,0.8076
2017-07-10,0.8092,0.0126,0.0395,0.8092,0.8092
2017-07-11,0.8076,0.0285,0.0466,0.8076,0.8076
2017-07-12,0.8105,0.0494,0.0658,0.8105,0.8105
2017-07-13,0.812,0.0645,0.0781,0.812,0.812
2017-07-14,0.8119000000000001,0.07390000000000001,0.07440000000000001,0.8119000000000001,0.8119000000000001
2017-07-15,0.8076,0.0872,0.0585,0.8076,0.8076
2017-07-16,0.807,0.0938,0.0453,0.807,0.807
2017-07-17,0.8067000000000001,0.0898,0.0517,0.8067000000000001,0.8067000000000001
2017-07-18,0.8054,0.0935,0.0438,0.8054,0.8054
2017-07-19,0.8064,0.0954,0.0507,0.8064,0.8064
2017-07-20,0.8063,0.0924,0.0493,0.8063,0.8063
2017-07-21,0.8068000000000001,0.0791,0.043,0.8068000000000001,0.8068000000000001
2017-07-22,0.8066,0.0728,0.049100000000000005,0.8066,0.8066
2017-07-23,0.8047000000000001,0.050800000000000005,0.0624,0.8047000000000001,0.8047000000000001
2017-07-24,0.804,0.0262,0.05930000000000001,0.804,0.804
2017-07-25,0.8067000000000001,-0.0102,0.0606,0.8067000000000001,0.8067000000000001
2017-07-26,0.8079000000000001,-0.032,0.0606,0.8079000000000001,0.8079000000000001
2017-07-27,0.8072,-0.0639,0.0641,0.8072,0.8072
2017-07-28,0.8069000000000001,-0.0756,0.0674,0.8069000000000001,0.8069000000000001
2017-07-29,0.809,-0.1003,0.0602,0.809,0.809
2017-07-30,0.8103,-0.13720000000000002,0.05980000000000001,0.8103,0.8103
2017-07-31,0.8135,-0.1325,0.0487,0.8135,0.8135
2017-08-01,0.8147000000000001,-0.15,0.039900000000000005,0.8147000000000001,0.8147000000000001
2017-08-02,0.8093,-0.141,0.0261,0.8093,0.8093
2017-08-03,0.8082,-0.1558,0.0235,0.8082,0.8082
2017-08-04,0.8067000000000001,-0.13140000000000002,0.0345,0.8067000000000001,0.8067000000000001
2017-08-05,0.8067000000000001,-0.1368,0.0478,0.8067000000000001,0.8067000000000001
2017-08-06,0.8078000000000001,-0.1345,0.06960000000000001,0.8078000000000001,0.8078000000000001
2017-08-07,0.8105,-0.1062,0.0734,0.8105,0.8105
2017-08-08,0.8109000000000001,-0.0893,0.08460000000000001,0.8109000000000001,0.8109000000000001
2017-08-09,0.8141,-0.0998,0.0909,0.8141,0.8141
2017-08-10,0.8177000000000001,-0.07730000000000001,0.0926,0.8177000000000001,0.8177000000000001
2017-08-11,0.8140000000000001,-0.0649,0.0402,0.8140000000000001,0.8140000000000001
2017-08-12,0.8178000000000001,-0.0499,0.0373,0.8178000000000001,0.8178000000000001
2017-08-13,0.8218000000000001,-0.046200000000000005,0.0373,0.8218000000000001,0.8218000000000001
2017-08-14,0.8250000000000001,-0.034800000000000005,0.0334,0.8250000000000001,0.8250000000000001
2017-08-15,0.8274,-0.0283,0.0284,0.8274,0.8274
2017-08-16,0.8297,-0.0223,0.0278,0.8297,0.8297
2017-08-17,0.8335,-0.0159,0.023,0.8335,0.8335
2017-08-18,0.8351000000000001,-0.0012,0.0193,0.8351000000000001,0.8351000000000001
2017-08-19,0.8378,0.015,0.013,0.8378,0.8378
2017-08-20,0.8374,0.0256,0.0031000000000000003,0.8374,0.8374
2017-08-21,0.8369000000000001,0.0427,-0.0098,0.8369000000000001,0.8369000000000001
2017-08-22,0.8387,0.0522,-0.0192,0.8387,0.8387
2017-08-23,0.8420000000000001,0.077,-0.0327,0.8420000000000001,0.8420000000000001
2017-08-24,0.8437,0.0922,-0.0422,0.8437,0.8437
2017-08-25,0.8442000000000001,0.1162,-0.0497,0.8442000000000001,0.8442000000000001
2017-08-26,0.8439000000000001,0.1361,-0.0577,0.8439000000000001,0.8439000000000001
2017-08-27,0.8444,0.1706,-0.0567,0.8444,0.8444
2017-08-28,0.8386,0.1837,-0.0685,0.8386,0.8386
2017-08-29,0.8336,0.2091,-0.07780000000000001,0.8336,0.8336
2017-08-30,0.8328,0.2377,-0.07640000000000001,0.8328,0.8328
2017-08-31,0.8286,0.2447,-0.0882,0.8286,0.8286
2017-09-01,0.8271000000000001,0.25470000000000004,-0.08600000000000001,0.8271000000000001,0.8271000000000001
2017-09-02,0.8214,0.2617,-0.08700000000000001,0.8214,0.8214
2017-09-03,0.8154,0.28700000000000003,-0.0852,0.8154,0.8154
2017-09-04,0.8129000000000001,0.2989,-0.0752,0.8129000000000001,0.8129000000000001
2017-09-05,0.8086,0.2932,-0.0699,0.8086,0.8086
2017-09-06,0.8065,0.2841,-0.0534,0.8065,0.8065
2017-09-07,0.8036000000000001,0.2954,-0.042800000000000005,0.8036000000000001,0.8036000000000001
2017-09-08,0.8028000000000001,0.2973,-0.029300000000000007,0.8028000000000001,0.8028000000000001
2017-09-09,0.8021,0.2868,-0.0251,0.8021,0.8021
2017-09-10,0.8024,0.2859,-0.0152,0.8024,0.8024
2017-09-11,0.8024,0.2768,-0.0105,0.8024,0.8024
2017-09-12,0.8034,0.26830000000000004,-0.0021000000000000003,0.8034,0.8034
2017-09-13,0.8059000000000001,0.2521,-0.0025,0.8059000000000001,0.8059000000000001
2017-09-14,0.8059999999999999,0.25120000000000003,0.0105,0.8059999999999999,0.8059999999999999
2017-09-15,0.8066,0.238,0.0072000000000000015,0.8066,0.8066
2017-09-16,0.8076,0.2066,0.004,0.8076,0.8076
2017-09-17,0.8093,0.2091,-0.0129,0.8093,0.8093
2017-09-18,0.8094,0.1977,-0.001,0.8094,0.8094
2017-09-19,0.8115,0.1991,-0.0023,0.8115,0.8115
2017-09-20,0.8125,0.2011,-0.001,0.8125,0.8125
2017-09-21,0.8096,0.2155,-0.0008,0.8096,0.8096
2017-09-22,0.81,0.2322,0.0011,0.81,0.81
2017-09-23,0.81,0.2486,-0.0064,0.81,0.81
2017-09-24,0.8105,0.2634,0.001,0.8105,0.8105
2017-09-25,0.8085,0.28250000000000003,0.0141,0.8085,0.8085
2017-09-26,0.8079999999999999,0.30060000000000003,0.0209,0.8079999999999999,0.8079999999999999
2017-09-27,0.8115,0.3255,0.035,0.8115,0.8115
2017-09-28,0.8132,0.3277,0.0417,0.8132,0.8132
2017-09-29,0.8128000000000001,0.33899999999999997,0.0386,0.8128000000000001,0.8128000000000001
2017-09-30,0.8114,0.3712,0.0449,0.8114,0.8114
2017-10-01,0.8093,0.3795,0.0389,0.8093,0.8093
2017-10-02,0.8073,0.3693,0.0341,0.8073,0.8073
2017-10-03,0.8078000000000001,0.3731,0.033,0.8078000000000001,0.8078000000000001
2017-10-04,0.8059999999999999,0.3639,0.032,0.8059999999999999,0.8059999999999999
2017-10-05,0.8056000000000001,0.3646,0.042100000000000005,0.8056000000000001,0.8056000000000001
2017-10-06,0.8033,0.3574,0.0373,0.8033,0.8033
2017-10-07,0.7999,0.3392,0.0287,0.7999,0.7999
2017-10-08,0.7979999999999999,0.3306,0.031,0.7979999999999999,0.7979999999999999
2017-10-09,0.7943,0.3141,0.035300000000000005,0.7943,0.7943
2017-10-10,0.7908000000000001,0.2954,0.0398,0.7908000000000001,0.7908000000000001
2017-10-11,0.789,0.2778,0.0514,0.789,0.789
2017-10-12,0.7872,0.2551,0.0611,0.7872,0.7872
2017-10-13,0.7845000000000001,0.2174,0.0653,0.7845000000000001,0.7845000000000001
2017-10-14,0.7818,0.1909,0.08750000000000001,-100.0,0.7818
2017-10-15,0.7796000000000001,0.1783,0.0823,-100.0,0.7796000000000001
2017-10-16,0.7794000000000001,0.16690000000000002,0.0912,-100.0,0.7794000000000001
2017-10-17,0.7773,0.1449,0.103,-100.0,0.7773
2017-10-18,0.7726000000000001,0.1431,0.1043,-100.0,0.7726000000000001
2017-10-19,0.7705000000000001,0.1433,0.1143,-100.0,0.7705000000000001
2017-10-20,0.768,0.1492,0.1141,-100.0,0.768
2017-10-21,0.7677,0.14500000000000002,0.1223,-100.0,0.7677
2017-10-22,0.7682,0.141,0.1285,-100.0,0.7682
2017-10-23,0.7702,0.1597,0.1187,-100.0,0.7702
2017-10-24,0.7675000000000001,0.1781,0.1067,-100.0,0.7675000000000001
2017-10-25,0.7648,0.1998,0.1066,-100.0,0.7648
2017-10-26,0.7628,0.2121,0.1026,-100.0,0.7628
2017-10-27,0.7565000000000001,0.2255,0.0918,-100.0,0.7565000000000001
2017-10-28,0.7545000000000001,0.2317,0.0877,-100.0,0.7545000000000001
2017-10-29,0.7517,0.2462,0.0819,-100.0,0.7517
2017-10-30,0.7449,0.2394,0.07350000000000001,-100.0,0.7449
2017-10-31,0.7391000000000001,0.25170000000000003,0.0685,-100.0,0.7391000000000001
2017-11-01,0.7333000000000001,0.2599,0.0626,-100.0,0.7333000000000001
2017-11-02,0.7279,0.2667,0.0623,-100.0,0.7279
2017-11-03,0.7238,0.2641,0.0534,-100.0,0.7238
2017-11-04,0.7186,0.2786,0.0526,-100.0,0.7186
2017-11-05,0.7152000000000001,0.2879,0.054700000000000006,-100.0,0.7152000000000001
2017-11-06,0.7119000000000001,0.2795,0.0553,-100.0,0.7119000000000001
2017-11-07,0.7092,0.28650000000000003,0.0531,-100.0,0.7092
2017-11-08,0.7066,0.2828,0.0468,-100.0,0.7066
2017-11-09,0.7047,0.2783,0.0401,-100.0,0.7047
2017-11-10,0.7014,0.281,0.0307,-100.0,0.7014
2017-11-11,0.7006,0.2684,0.0236,-100.0,0.7006
2017-11-12,0.6989000000000001,0.263,0.0139,-100.0,0.6989000000000001
2017-11-13,0.6983,0.2622,-0.0009000000000000002,-100.0,0.6983
2017-11-14,0.6952,0.2543,0.0056,-100.0,0.6952
2017-11-15,0.6948000000000001,0.2605,-0.0072000000000000015,-100.0,0.6948000000000001
2017-11-16,0.6947,0.2771,-0.0147,-100.0,0.6947
2017-11-17,0.6938000000000001,0.2646,-0.028200000000000006,-100.0,0.6938000000000001
2017-11-18,0.6941,0.2675,-0.0391,-100.0,0.6941
2017-11-19,0.6899000000000001,0.2682,-0.045700000000000005,-100.0,0.6899000000000001
2017-11-20,0.685,0.26330000000000003,-0.0516,-100.0,0.685
2017-11-21,0.6817000000000001,0.26899999999999996,-0.0528,-100.0,0.6817000000000001
2017-11-22,0.6809999999999999,0.2548,-0.0524,-100.0,0.6809999999999999
2017-11-23,0.6783,0.2467,-0.0449,-100.0,0.6783
2017-11-24,0.6786,0.2373,-0.042100000000000005,-100.0,0.6786
2017-11-25,0.6757000000000001,0.2435,-0.0466,-100.0,0.6757000000000001
2017-11-26,0.675,0.2289,-0.0364,-100.0,0.675
2017-11-27,0.6742,0.22399999999999998,-0.0239,-100.0,0.6742
2017-11-28,0.6742,0.1999,-0.0108,-100.0,0.6742
2017-11-29,0.6752,0.1958,0.0057,-100.0,0.6752
2017-11-30,0.6752,0.2028,0.0131,-100.0,0.6752
2017-12-01,0.6759999999999999,0.1936,0.0145,-100.0,0.6759999999999999
2017-12-02,0.6755,0.1938,0.0176,-100.0,0.6755
2017-12-03,0.6737000000000001,0.2006,0.0231,-100.0,0.6737000000000001
2017-12-04,0.6738000000000001,0.2048,0.0045000000000000005,-100.0,0.6738000000000001
2017-12-05,0.6714,0.2023,0.0095,-100.0,0.6714
2017-12-06,0.6689,0.2109,0.0068000000000000005,-100.0,0.6689
2017-12-07,0.6653,0.2172,-0.006500000000000001,-100.0,0.6653
2017-12-08,0.6631,0.2106,-0.0035,-100.0,0.6631
2017-12-09,0.6593,0.2168,-0.0073,-100.0,0.6593
2017-12-10,0.6552,0.2278,-0.0148,-100.0,0.6552
2017-12-11,0.6489,0.2374,-0.0095,-100.0,0.6489
2017-12-12,0.6445000000000001,0.2459,-0.0141,-100.0,0.6445000000000001
2017-12-13,0.6392,0.2392,-0.0128,-100.0,0.6392
2017-12-14,0.6339,0.2368,-0.0043,-100.0,0.6339
2017-12-15,0.6308,0.2306,0.0117,-100.0,0.6308
2017-12-16,0.6274000000000001,0.2239,0.023,-100.0,0.6274000000000001
2017-12-17,0.6259,0.2072,0.0328,-100.0,0.6259
2017-12-18,0.6222,0.1892,0.0406,-100.0,0.6222
2017-12-19,0.6208,0.1796,0.05830000000000001,-100.0,0.6208
2017-12-20,0.6197,0.1536,0.0618,-100.0,0.6197
2017-12-21,0.6203000000000001,0.12990000000000002,0.06150000000000001,-100.0,0.6203000000000001
2017-12-22,0.6215,0.1206,0.0656,-100.0,0.6215
2017-12-23,0.6198,0.0874,0.0599,-100.0,0.6198
2017-12-24,0.6216,0.0526,0.0648,-100.0,0.6216
2017-12-25,0.6257,0.039900000000000005,0.0626,-100.0,0.6257
2017-12-26,0.6292,0.0226,0.0614,-100.0,0.6292
2017-12-27,0.6323000000000001,0.0198,0.0752,-100.0,0.6323000000000001
2017-12-28,0.6342,0.021,0.07050000000000001,-100.0,0.6342
2017-12-29,0.637,0.0141,0.0738,-100.0,0.637
2017-12-30,0.6404000000000001,0.0135,0.069,-100.0,0.6404000000000001
2017-12-31,0.6438,0.0115,0.0435,-100.0,0.6438
2018-01-01,0.6466000000000001,0.0086,0.0255,-100.0,0.6466000000000001
2018-01-02,0.6489,-0.0031000000000000003,0.0165,-100.0,0.6489
2018-01-03,0.6505000000000001,-0.0158,0.008400000000000001,-100.0,0.6505000000000001
2018-01-04,0.6504,-0.0196,0.0006000000000000001,-100.0,0.6504
2018-01-05,0.6531,-0.026,-0.0012,-100.0,0.6531
2018-01-06,0.6539,-0.0334,-0.0133,-100.0,0.6539
2018-01-07,0.6534,-0.045000000000000005,-0.0167,-100.0,0.6534
2018-01-08,0.6524,-0.0481,-0.0176,-100.0,0.6524
2018-01-09,0.6518,-0.05860000000000001,-0.013999999999999999,-100.0,0.6518
2018-01-10,0.6492,-0.0589,-0.0078,-100.0,0.6492
2018-01-11,0.6488,-0.0771,-0.0023,-100.0,0.6488
2018-01-12,0.6508,-0.1022,0.0049,-100.0,0.6508
2018-01-13,0.6504,-0.1141,0.0198,-100.0,0.6504
2018-01-14,0.65,-0.1215,0.0296,-100.0,0.65
2018-01-15,0.6498,-0.1284,0.0392,-100.0,0.6498
2018-01-16,0.6497,-0.136,0.0444,-100.0,0.6497
2018-01-17,0.6503,-0.1439,0.0546,-100.0,0.6503
2018-01-18,0.6509999999999999,-0.1626,0.0645,-100.0,0.6509999999999999
2018-01-19,0.6511,-0.1646,0.0661,-100.0,0.6511
2018-01-20,0.6524,-0.1862,0.07440000000000001,-100.0,0.6524
2018-01-21,0.6543,-0.1898,0.07880000000000001,-100.0,0.6543
2018-01-22,0.6563,-0.2037,0.0829,-100.0,0.6563
2018-01-23,0.6599,-0.1995,0.1016,-100.0,0.6599
2018-01-24,0.6646000000000001,-0.2096,0.1032,-100.0,0.6646000000000001
2018-01-25,0.6687000000000001,-0.2177,0.1147,-100.0,0.6687000000000001
2018-01-26,0.6723,-0.2233,0.1172,-100.0,0.6723
2018-01-27,0.6747000000000001,-0.2279,0.1115,-100.0,0.6747000000000001
2018-01-28,0.6777000000000001,-0.2436,0.1196,-100.0,0.6777000000000001
2018-01-29,0.6828000000000001,-0.25880000000000003,0.1267,-100.0,0.6828000000000001
2018-01-30,0.6895,-0.2743,0.1303,-100.0,0.6895
2018-01-31,0.6944,-0.28040000000000004,0.1301,-100.0,0.6944
2018-02-01,0.6992,-0.28300000000000003,0.12860000000000002,-100.0,0.6992
2018-02-02,0.7049000000000001,-0.2896,0.1315,-100.0,0.7049000000000001
2018-02-03,0.7058,-0.2887,0.1219,-100.0,0.7058
2018-02-04,0.7107,-0.276,0.1126,-100.0,0.7107
2018-02-05,0.7147,-0.2879,0.1083,-100.0,0.7147
2018-02-06,0.7237,-0.29550000000000004,0.1061,-100.0,0.7237
2018-02-07,0.7254,-0.29810000000000003,0.1048,-100.0,0.7254
2018-02-08,0.7297,-0.3022,0.096,-100.0,0.7297
2018-02-09,0.7340000000000001,-0.3028,0.0965,-100.0,0.7340000000000001
2018-02-10,0.7363000000000001,-0.29660000000000003,0.0874,-100.0,0.7363000000000001
2018-02-11,0.7354,-0.2889,0.0678,-100.0,0.7354
2018-02-12,0.735,-0.25070000000000003,0.0607,-100.0,0.735
2018-02-13,0.7376,-0.2424,0.051300000000000005,-100.0,0.7376
2018-02-14,0.737,-0.22899999999999998,0.0427,-100.0,0.737
2018-02-15,0.7372000000000001,-0.2149,0.0266,-100.0,0.7372000000000001
2018-02-16,0.7389,-0.1974,0.0229,-100.0,0.7389
2018-02-17,0.7381000000000001,-0.17750000000000002,0.0109,-100.0,0.7381000000000001
2018-02-18,0.7374,-0.16740000000000002,0.0033,-100.0,0.7374
2018-02-19,0.7378,-0.1709,0.0025,-100.0,0.7378
2018-02-20,0.7369,-0.16920000000000002,-0.0145,-100.0,0.7369
2018-02-21,0.7363000000000001,-0.1618,-0.0278,-100.0,0.7363000000000001
2018-02-22,0.7339,-0.1703,-0.0285,-100.0,0.7339
2018-02-23,0.7306,-0.1627,-0.0379,-100.0,0.7306
2018-02-24,0.7278,-0.1666,-0.039,-100.0,0.7278
2018-02-25,0.7265,-0.1821,-0.0384,-100.0,0.7265
2018-02-26,0.7264,-0.1861,-0.0438,-100.0,0.7264
2018-02-27,0.7243,-0.1979,-0.0361,-100.0,0.7243
2018-02-28,0.7232000000000001,-0.1969,-0.030500000000000006,-100.0,0.7232000000000001
2018-03-01,0.7220000000000001,-0.2021,-0.038,-100.0,0.7220000000000001
2018-03-02,0.7187,-0.1995,-0.0312,-100.0,0.7187
2018-03-03,0.7165,-0.1998,-0.0322,-100.0,0.7165
2018-03-04,0.7135,-0.2095,-0.0414,-100.0,0.7135
2018-03-05,0.7106,-0.2065,-0.0418,-100.0,0.7106
2018-03-06,0.7072,-0.1994,-0.0524,-100.0,0.7072
2018-03-07,0.7015,-0.1856,-0.06520000000000001,-100.0,0.7015
2018-03-08,0.6961,-0.1767,-0.0635,-100.0,0.6961
2018-03-09,0.6921,-0.1703,-0.077,-100.0,0.6921
2018-03-10,0.6895,-0.1721,-0.0775,-100.0,0.6895
2018-03-11,0.6875,-0.1519,-0.075,-100.0,0.6875
2018-03-12,0.6843,-0.1411,-0.0651,-100.0,0.6843
2018-03-13,0.6848000000000001,-0.1371,-0.0347,-100.0,0.6848000000000001
2018-03-14,0.6837000000000001,-0.1175,-0.0149,-100.0,0.6837000000000001
2018-03-15,0.6821,-0.1097,-0.0044,-100.0,0.6821
2018-03-16,0.6812,-0.10800000000000001,0.0179,-100.0,0.6812
2018-03-17,0.6813,-0.1029,0.0493,-100.0,0.6813
2018-03-18,0.6817000000000001,-0.1024,0.0609,-100.0,0.6817000000000001
2018-03-19,0.6866,-0.1104,0.1018,-100.0,0.6866
2018-03-20,0.6886,-0.1128,0.153,-100.0,0.6886
2018-03-21,0.6969000000000001,-0.1199,0.2152,-100.0,0.6969000000000001
2018-03-22,0.7069000000000001,-0.12510000000000002,0.25830000000000003,-100.0,0.7069000000000001
2018-03-23,0.7182000000000001,-0.1499,0.30210000000000004,-100.0,0.7182000000000001
2018-03-24,0.7332000000000001,-0.15810000000000002,0.3506,-100.0,0.7332000000000001
2018-03-25,0.7489,-0.1791,0.3953,-100.0,0.7489
2018-03-26,0.7659999999999999,-0.20199999999999999,0.4355,-100.0,0.7659999999999999
2018-03-27,0.7844,-0.2292,0.4702,-100.0,0.7844
2018-03-28,0.8059999999999999,-0.2477,0.4878,-100.0,0.8059999999999999
2018-03-29,0.8259000000000001,-0.275,0.5155000000000001,-100.0,0.8259000000000001
2018-03-30,0.8468,-0.2901,0.5143,-100.0,0.8468
2018-03-31,0.8678,-0.311,0.5179,-100.0,0.8678
2018-04-01,0.8879,-0.3307,0.4932,-100.0,0.8879
2018-04-02,0.9027,-0.34400000000000003,0.4677,-100.0,0.9027
2018-04-03,0.9235,-0.33290000000000003,0.4355,-100.0,0.9235
2018-04-04,0.9408,-0.3305,0.3945,-100.0,0.9408
2018-04-05,0.9559,-0.3413,0.3446,-100.0,0.9559
2018-04-06,0.9673,-0.3352,0.29350000000000004,-100.0,0.9673
2018-04-07,0.9765,-0.33030000000000004,0.2349,-100.0,0.9765
2018-04-08,0.9829,-0.34040000000000004,0.1713,-100.0,0.9829
2018-04-09,0.9887,-0.3281,0.1139,-100.0,0.9887
2018-04-10,0.9876,-0.32680000000000003,0.034300000000000004,-100.0,0.9876
2018-04-11,0.9839,-0.3002,-0.0521,-100.0,0.9839
2018-04-12,0.9783,-0.2943,-0.1172,-100.0,0.9783
2018-04-13,0.9685,-0.2883,-0.173,-100.0,0.9685
2018-04-14,0.9566,-0.27090000000000003,-0.245,-100.0,0.9566
2018-04-15,0.944,-0.2604,-0.29350000000000004,-100.0,0.944
2018-04-16,0.9277,-0.2298,-0.3628,-100.0,0.9277
2018-04-17,0.9122,-0.2271,-0.4112,-100.0,0.9122
2018-04-18,0.8931,-0.2165,-0.4291,-100.0,0.8931
2018-04-19,0.8732000000000001,-0.2063,-0.4576,-100.0,0.8732000000000001
2018-04-20,0.8522000000000001,-0.215,-0.4739,-100.0,0.8522000000000001
2018-04-21,0.8319000000000001,-0.2125,-0.4958,-100.0,0.8319000000000001
2018-04-22,0.8119000000000001,-0.2255,-0.4948,-100.0,0.8119000000000001
2018-04-23,0.7918000000000001,-0.2365,-0.4881,-100.0,0.7918000000000001
2018-04-24,0.7714000000000001,-0.2366,-0.4806,-100.0,0.7714000000000001
2018-04-25,0.7521,-0.2681,-0.4536,-100.0,0.7521
2018-04-26,0.7336,-0.2979,-0.4362,-100.0,0.7336
2018-04-27,0.7196,-0.313,-0.3948,-100.0,0.7196
2018-04-28,0.7031000000000001,-0.32899999999999996,-0.3643,-100.0,0.7031000000000001
2018-04-29,0.6877,-0.3047,-0.32330000000000003,-100.0,0.6877
2018-04-30,0.6742,-0.3259,-0.2826,-100.0,0.6742
2018-05-01,0.6679999999999999,-0.33290000000000003,-0.2528,-100.0,0.6679999999999999
2018-05-02,0.6584,-0.3482,-0.213,0.6584,0.6584
2018-05-03,0.653,-0.3569,-0.16770000000000002,0.653,0.653
2018-05-04,0.643,-0.3462,-0.13770000000000002,0.643,0.643
2018-05-05,0.6377,-0.33230000000000004,-0.0975,0.6377,0.6377
2018-05-06,0.6324000000000001,-0.3251,-0.0483,0.6324000000000001,0.6324000000000001
2018-05-07,0.6291,-0.2919,-0.0128,0.6291,0.6291
2018-05-08,0.6248,-0.29100000000000004,0.0068000000000000005,0.6248,0.6248
2018-05-09,0.6215,-0.2838,0.0256,0.6215,0.6215
2018-05-10,0.6196,-0.2792,0.0549,0.6196,0.6196
2018-05-11,0.619,-0.2551,0.0838,0.619,0.619
2018-05-12,0.6198,-0.2462,0.1135,0.6198,0.6198
2018-05-13,0.617,-0.242,0.1321,0.617,0.617
2018-05-14,0.6173000000000001,-0.2332,0.13720000000000002,0.6173000000000001,0.6173000000000001
2018-05-15,0.6172000000000001,-0.221,0.14600000000000002,0.6172000000000001,0.6172000000000001
2018-05-16,0.6176,-0.2038,0.16,0.6176,0.6176
2018-05-17,0.6194000000000001,-0.1891,0.1653,0.6194000000000001,0.6194000000000001
2018-05-18,0.6212,-0.1873,0.1673,0.6212,0.6212
2018-05-19,0.6259,-0.1835,0.15430000000000002,0.6259,0.6259
2018-05-20,0.6277,-0.1656,0.1476,0.6277,0.6277
2018-05-21,0.6295000000000001,-0.1378,0.1452,0.6295000000000001,0.6295000000000001
2018-05-22,0.6313000000000001,-0.1255,0.1307,0.6313000000000001,0.6313000000000001
2018-05-23,0.6346,-0.1052,0.12560000000000002,0.6346,0.6346
2018-05-24,0.6374000000000001,-0.08610000000000001,0.12510000000000002,0.6374000000000001,0.6374000000000001
2018-05-25,0.6382,-0.0687,0.1243,0.6382,0.6382
2018-05-26,0.6386000000000001,-0.047900000000000005,0.1204,0.6386000000000001,0.6386000000000001
2018-05-27,0.6423,-0.0209,0.1202,0.6423,0.6423
2018-05-28,0.6458,-0.0177,0.1141,0.6458,0.6458
2018-05-29,0.6473,0.0075000000000000015,0.1214,0.6473,0.6473
2018-05-30,0.6489,0.015700000000000002,0.1307,0.6489,0.6489
2018-05-31,0.6537000000000001,0.0258,0.1288,0.6537000000000001,0.6537000000000001
2018-06-01,0.6575000000000001,0.0471,0.1315,0.6575000000000001,0.6575000000000001
2018-06-02,0.6581,0.0423,0.1307,0.6581,0.6581
2018-06-03,0.6627000000000001,0.0443,0.1287,0.6627000000000001,0.6627000000000001
2018-06-04,0.6637000000000001,0.0415,0.1187,0.6637000000000001,0.6637000000000001
2018-06-05,0.6674,0.0176,0.1145,0.6674,0.6674
2018-06-06,0.6689,0.006500000000000001,0.1074,0.6689,0.6689
2018-06-07,0.6709999999999999,-0.0017,0.1034,0.6709999999999999,0.6709999999999999
2018-06-08,0.6723,-0.0183,0.1088,0.6723,0.6723
2018-06-09,0.6712,-0.035500000000000004,0.1062,0.6712,0.6712
2018-06-10,0.6743,-0.0507,0.0982,0.6743,0.6743
2018-06-11,0.6751,-0.0599,0.1128,0.6751,0.6751
2018-06-12,0.6759999999999999,-0.07060000000000001,0.1166,0.6759999999999999,0.6759999999999999
2018-06-13,0.6791,-0.0823,0.11699999999999999,0.6791,0.6791
2018-06-14,0.6804,-0.0777,0.1166,0.6804,0.6804
2018-06-15,0.6828000000000001,-0.0756,0.1141,0.6828000000000001,0.6828000000000001
2018-06-16,0.6848000000000001,-0.057,0.1047,0.6848000000000001,0.6848000000000001
2018-06-17,0.685,-0.0388,0.1166,0.685,0.685
2018-06-18,0.6874,-0.0395,0.0986,0.6874,0.6874
2018-06-19,0.6880000000000001,-0.0059,0.1022,0.6880000000000001,0.6880000000000001
2018-06-20,0.6919000000000001,0.0108,0.1053,0.6919000000000001,0.6919000000000001
2018-06-21,0.6927,0.0104,0.1041,0.6927,0.6927
2018-06-22,0.6940000000000001,0.0171,0.0988,0.6940000000000001,0.6940000000000001
2018-06-23,0.6957,0.0199,0.0973,0.6957,0.6957
2018-06-24,0.6978000000000001,0.0113,0.0915,0.6978000000000001,0.6978000000000001
2018-06-25,0.6990000000000001,0.0292,0.0884,0.6990000000000001,0.6990000000000001
2018-06-26,0.7014,0.037000000000000005,0.0786,0.7014,0.7014
2018-06-27,0.7047,0.0475,0.08560000000000001,0.7047,0.7047
2018-06-28,0.7082,0.048400000000000006,0.0852,0.7082,0.7082
2018-06-29,0.7111000000000001,0.0512,0.0834,0.7111000000000001,0.7111000000000001
2018-06-30,0.7150000000000001,0.0708,0.08660000000000001,0.7150000000000001,0.7150000000000001
2018-07-01,0.7170000000000001,0.06380000000000001,0.07400000000000001,0.7170000000000001,0.7170000000000001
2018-07-02,0.7189,0.06150000000000001,0.0766,0.7189,0.7189
2018-07-03,0.7182000000000001,0.0685,0.06960000000000001,0.7182000000000001,0.7182000000000001
2018-07-04,0.7167,0.0661,0.0499,0.7167,0.7167
2018-07-05,0.7160000000000001,0.0698,0.0522,0.7160000000000001,0.7160000000000001
2018-07-06,0.7156,0.0729,0.047900000000000005,0.7156,0.7156
2018-07-07,0.7137,0.0755,0.0358,0.7137,0.7137
2018-07-08,0.7111000000000001,0.094,0.0206,0.7111000000000001,0.7111000000000001
2018-07-09,0.7074,0.1048,0.0117,0.7074,0.7074
2018-07-10,0.7049000000000001,0.1069,-0.0054,0.7049000000000001,0.7049000000000001
2018-07-11,0.7020000000000001,0.1225,-0.0178,0.7020000000000001,0.7020000000000001
2018-07-12,0.6951,0.1263,-0.0234,0.6951,0.6951
2018-07-13,0.6932,0.1195,-0.0392,0.6932,0.6932
2018-07-14,0.6836,0.1231,-0.0413,0.6836,0.6836
2018-07-15,0.6781,0.1201,-0.0488,0.6781,0.6781
2018-07-16,0.6714,0.1119,-0.0447,0.6714,0.6714
2018-07-17,0.6711,0.0977,-0.047400000000000005,0.6711,0.6711
2018-07-18,0.6659999999999999,0.0792,-0.0497,0.6659999999999999,0.6659999999999999
2018-07-19,0.6622,0.0714,-0.0362,0.6622,0.6622
2018-07-20,0.6578,0.0608,-0.0308,0.6578,0.6578
2018-07-21,0.6568,0.05860000000000001,-0.031,0.6568,0.6568
2018-07-22,0.6555000000000001,0.0417,-0.0188,0.6555000000000001,0.6555000000000001
2018-07-23,0.6501,0.0478,-0.0126,0.6501,0.6501
2018-07-24,0.6477,0.0724,-0.0075000000000000015,0.6477,0.6477
2018-07-25,0.6432,0.0684,-0.0191,0.6432,0.6432
2018-07-26,0.6408,0.0519,-0.020200000000000003,0.6408,0.6408
2018-07-27,0.6371,0.0495,-0.0139,0.6371,0.6371
2018-07-28,0.6355000000000001,0.0709,-0.0107,0.6355000000000001,0.6355000000000001
2018-07-29,0.6361,0.07010000000000001,-0.0196,0.6361,0.6361
2018-07-30,0.6371,0.0731,-0.0106,0.6371,0.6371
2018-07-31,0.6389,0.0702,-0.0137,0.6389,0.6389
2018-08-01,0.64,0.08220000000000001,-0.0097,0.64,0.64
2018-08-02,0.6419,0.0949,-0.0093,0.6419,0.6419
2018-08-03,0.6448,0.0951,-0.017,0.6448,0.6448
2018-08-04,0.6488,0.1003,-0.0072000000000000015,0.6488,0.6488
2018-08-05,0.6512,0.0927,-0.0048,0.6512,0.6512
2018-08-06,0.6528,0.10099999999999999,0.0048,0.6528,0.6528
2018-08-07,0.6566000000000001,0.0951,0.009000000000000001,0.6566000000000001,0.6566000000000001
2018-08-08,0.6558,0.0988,0.0349,0.6558,0.6558
2018-08-09,0.657,0.07640000000000001,0.0461,0.657,0.657
2018-08-10,0.6612,0.0592,0.038700000000000005,0.6612,0.6612
2018-08-11,0.6628000000000001,0.0498,0.038700000000000005,0.6628000000000001,0.6628000000000001
2018-08-12,0.6641,0.0235,0.037000000000000005,0.6641,0.6641
2018-08-13,0.6705,0.015700000000000002,0.0371,0.6705,0.6705
2018-08-14,0.6753,0.0148,0.0386,0.6753,0.6753
2018-08-15,0.6781,0.015,0.036000000000000004,0.6781,0.6781
2018-08-16,0.6808000000000001,0.03,0.0394,0.6808000000000001,0.6808000000000001
2018-08-17,0.6821,0.039900000000000005,0.0361,0.6821,0.6821
2018-08-18,0.6844,0.05880000000000001,0.029300000000000007,0.6844,0.6844
2018-08-19,0.6878000000000001,0.08270000000000001,0.013,0.6878000000000001,0.6878000000000001
2018-08-20,0.6869000000000001,0.0922,-0.0024,0.6869000000000001,0.6869000000000001
2018-08-21,0.6894,0.0993,-0.0158,0.6894,0.6894
2018-08-22,0.6897,0.1193,-0.0258,0.6897,0.6897
2018-08-23,0.6908000000000001,0.1195,-0.035300000000000005,0.6908000000000001,0.6908000000000001
2018-08-24,0.6920000000000001,0.1128,-0.0352,0.6920000000000001,0.6920000000000001
2018-08-25,0.6934,0.1173,-0.053500000000000006,0.6934,0.6934
2018-08-26,0.6933,0.1373,-0.0604,0.6933,0.6933
2018-08-27,0.6928000000000001,0.12510000000000002,-0.0671,0.6928000000000001,0.6928000000000001
2018-08-28,0.6922,0.1378,-0.0689,0.6922,0.6922
2018-08-29,0.6904,0.1358,-0.0805,0.6904,0.6904
2018-08-30,0.6874,0.1348,-0.0876,0.6874,0.6874
2018-08-31,0.6864,0.1312,-0.0872,0.6864,0.6864
2018-09-01,0.6837000000000001,0.1191,-0.0724,0.6837000000000001,0.6837000000000001
2018-09-02,0.6825,0.1006,-0.0623,0.6825,0.6825
2018-09-03,0.6847000000000001,0.1014,-0.05,0.6847000000000001,0.6847000000000001
2018-09-04,0.6853,0.079,-0.0425,0.6853,0.6853
2018-09-05,0.6853,0.06960000000000001,-0.0458,0.6853,0.6853
2018-09-06,0.6889000000000001,0.055400000000000005,-0.0274,0.6889000000000001,0.6889000000000001
2018-09-07,0.6911,0.0419,-0.0316,0.6911,0.6911
2018-09-08,0.6922,0.035500000000000004,-0.0269,0.6922,0.6922
2018-09-09,0.6961,0.04,-0.018000000000000002,0.6961,0.6961
2018-09-10,0.6946,0.038200000000000005,-0.0121,0.6946,0.6946
2018-09-11,0.6979000000000001,0.0506,-0.0005,0.6979000000000001,0.6979000000000001
2018-09-12,0.7024,0.0502,-0.0004,0.7024,0.7024
2018-09-13,0.7044,0.041100000000000005,0.0048,0.7044,0.7044
2018-09-14,0.7095,0.0415,0.0164,0.7095,0.7095
2018-09-15,0.7107,0.0465,0.0137,0.7107,0.7107
2018-09-16,0.7135,0.0544,0.0107,0.7135,0.7135
2018-09-17,0.7154,0.0472,0.0045000000000000005,0.7154,0.7154
2018-09-18,0.7188,0.036000000000000004,-0.0018000000000000004,0.7188,0.7188
2018-09-19,0.7199,0.055999999999999994,-0.0143,0.7199,0.7199
2018-09-20,0.7229,0.0494,-0.0228,0.7229,0.7229
2018-09-21,0.7231000000000001,0.0687,-0.031900000000000005,0.7231000000000001,0.7231000000000001
2018-09-22,0.7233,0.0721,-0.0347,0.7233,0.7233
2018-09-23,0.7226,0.08750000000000001,-0.0451,0.7226,0.7226
2018-09-24,0.7226,0.0976,-0.05930000000000001,0.7226,0.7226
2018-09-25,0.7180000000000001,0.113,-0.0364,0.7180000000000001,0.7180000000000001
2018-09-26,0.7184,0.1311,-0.0239,0.7184,0.7184
2018-09-27,0.7188,0.1225,-0.0125,0.7188,0.7188
2018-09-28,0.7210000000000001,0.14500000000000002,-0.0133,0.7210000000000001,0.7210000000000001
2018-09-29,0.7240000000000001,0.1296,0.0004,0.7240000000000001,0.7240000000000001
2018-09-30,0.7255,0.1369,0.0114,0.7255,0.7255
2018-10-01,0.7272000000000001,0.1057,0.0177,0.7272000000000001,0.7272000000000001
2018-10-02,0.7314,0.0989,0.0267,0.7314,0.7314
2018-10-03,0.7347,0.0904,0.0302,0.7347,0.7347
2018-10-04,0.737,0.10800000000000001,0.0346,0.737,0.737
2018-10-05,0.7414000000000001,0.0941,0.0375,0.7414000000000001,0.7414000000000001
2018-10-06,0.7447,0.0862,0.0423,0.7447,0.7447
2018-10-07,0.7478,0.0824,0.0246,0.7478,0.7478
2018-10-08,0.7509999999999999,0.08950000000000001,0.022,0.7509999999999999,0.7509999999999999
2018-10-09,0.7539,0.07440000000000001,0.0207,0.7539,0.7539
2018-10-10,0.7522000000000001,0.0698,0.0095,0.7522000000000001,0.7522000000000001
2018-10-11,0.7542,0.0627,0.0192,0.7542,0.7542
2018-10-12,0.7543000000000001,0.0539,0.0161,0.7543000000000001,0.7543000000000001
2018-10-13,0.7517,0.048400000000000006,0.0092,0.7517,0.7517
2018-10-14,0.7509999999999999,0.0396,0.0142,0.7509999999999999,0.7509999999999999
2018-10-15,0.7466,0.0019,0.0134,0.7466,0.7466
2018-10-16,0.7440000000000001,-0.0224,0.020200000000000003,0.7440000000000001,0.7440000000000001
2018-10-17,0.7445,-0.0443,0.0397,0.7445,0.7445
2018-10-18,0.7407,-0.0275,0.0316,0.7407,0.7407
2018-10-19,0.74,-0.0164,0.0351,0.74,0.74
2018-10-20,0.7384000000000001,-0.0083,0.0486,0.7384000000000001,0.7384000000000001
2018-10-21,0.737,0.0037,0.05880000000000001,0.737,0.737
2018-10-22,0.7338,-0.0098,0.06770000000000001,0.7338,0.7338
2018-10-23,0.7289,0.0071,0.0634,0.7289,0.7289
2018-10-24,0.7273000000000001,0.0224,0.0344,0.7273000000000001,0.7273000000000001
2018-10-25,0.7232000000000001,0.049100000000000005,0.0266,0.7232000000000001,0.7232000000000001
2018-10-26,0.7177,0.069,0.006500000000000001,0.7177,0.7177
2018-10-27,0.7127,0.1031,-0.0081,0.7127,0.7127
2018-10-28,0.7102,0.13699999999999998,-0.0324,0.7102,0.7102
2018-10-29,0.7071000000000001,0.1657,-0.0471,0.7071000000000001,0.7071000000000001
2018-10-30,0.7014,0.2052,-0.0533,0.7014,0.7014
2018-10-31,0.6997,0.2261,-0.06770000000000001,0.6997,0.6997
2018-11-01,0.6984,0.2582,-0.0818,0.6984,0.6984
2018-11-02,0.6935,0.3052,-0.0987,0.6935,0.6935
2018-11-03,0.6915,0.3269,-0.1045,0.6915,0.6915
2018-11-04,0.6897,0.33430000000000004,-0.1166,0.6897,0.6897
2018-11-05,0.6829000000000001,0.34299999999999997,-0.12,0.6829000000000001,0.6829000000000001
2018-11-06,0.68,0.3666,-0.1221,0.68,0.68
2018-11-07,0.6746,0.3681,-0.1147,0.6746,0.6746
2018-11-08,0.6709999999999999,0.3766,-0.106,0.6709999999999999,0.6709999999999999
2018-11-09,0.6687000000000001,0.3706,-0.1027,0.6687000000000001,0.6687000000000001
2018-11-10,0.6652,0.3598,-0.098,0.6652,0.6652
2018-11-11,0.6634,0.3633,-0.0883,0.6634,0.6634
2018-11-12,0.662,0.3654,-0.07050000000000001,0.662,0.662
2018-11-13,0.6645,0.313,-0.0563,0.6645,0.6645
2018-11-14,0.6621,0.2979,-0.0437,0.6621,0.6621
2018-11-15,0.6588,0.28140000000000004,-0.0392,0.6588,0.6588
2018-11-16,0.6547000000000001,0.2765,-0.0145,0.6547000000000001,0.6547000000000001
2018-11-17,0.653,0.2665,0.0098,0.653,0.653
2018-11-18,0.6486000000000001,0.2493,0.0289,0.6486000000000001,0.6486000000000001
2018-11-19,0.6436000000000001,0.2418,0.0334,0.6436000000000001,0.6436000000000001
2018-11-20,0.6379,0.2283,0.0503,0.6379,0.6379
2018-11-21,0.6344000000000001,0.2151,0.0722,0.6344000000000001,0.6344000000000001
2018-11-22,0.6301,0.2028,0.0848,0.6301,0.6301
2018-11-23,0.6263000000000001,0.196,0.0935,0.6263000000000001,0.6263000000000001
2018-11-24,0.6223000000000001,0.1789,0.0962,0.6223000000000001,0.6223000000000001
2018-11-25,0.6195,0.1818,0.1137,0.6195,0.6195
2018-11-26,0.6165,0.1797,0.1195,0.6165,0.6165
2018-11-27,0.6144000000000001,0.1824,0.125,0.6144000000000001,0.6144000000000001
2018-11-28,0.6136,0.195,0.1312,0.6136,0.6136
2018-11-29,0.6126,0.1999,0.1348,0.6126,0.6126
2018-11-30,0.6123000000000001,0.2025,0.13920000000000002,0.6123000000000001,0.6123000000000001
2018-12-01,0.6093000000000001,0.2001,0.1322,0.6093000000000001,0.6093000000000001
2018-12-02,0.6081,0.1786,0.13090000000000002,0.6081,0.6081
2018-12-03,0.6091,0.1878,0.1169,0.6091,0.6091
2018-12-04,0.6096,0.1796,0.1204,0.6096,0.6096
2018-12-05,0.612,0.1756,0.1075,0.612,0.612
2018-12-06,0.6125,0.168,0.1046,0.6125,0.6125
2018-12-07,0.6128,0.14350000000000002,0.0917,0.6128,0.6128
2018-12-08,0.6096,0.1364,0.08030000000000001,0.6096,0.6096
2018-12-09,0.6078,0.1205,0.08420000000000001,0.6078,0.6078
2018-12-10,0.6092000000000001,0.0881,0.096,0.6092000000000001,0.6092000000000001
2018-12-11,0.6072000000000001,0.0697,0.0992,0.6072000000000001,0.6072000000000001
2018-12-12,0.6064,0.0604,0.1083,0.6064,0.6064
2018-12-13,0.6072000000000001,0.042800000000000005,0.1103,0.6072000000000001,0.6072000000000001
2018-12-14,0.6076,0.0241,0.1182,0.6076,0.6076
2018-12-15,0.6086,0.0181,0.1186,0.6086,0.6086
2018-12-16,0.6085,0.013800000000000002,0.1228,0.6085,0.6085
2018-12-17,0.6096,0.0031000000000000003,0.1408,0.6096,0.6096
2018-12-18,0.6109,-0.0122,0.14600000000000002,0.6109,0.6109
2018-12-19,0.6126,-0.016800000000000002,0.14450000000000002,0.6126,0.6126
2018-12-20,0.6104,-0.0193,0.13820000000000002,0.6104,0.6104
2018-12-21,0.6104,-0.0119,0.1301,0.6104,0.6104
2018-12-22,0.6126,-0.0061,0.1287,0.6126,0.6126
2018-12-23,0.6127,0.0058000000000000005,0.1196,0.6127,0.6127
2018-12-24,0.614,0.0186,0.1216,0.614,0.614
2018-12-25,0.6166,0.045000000000000005,0.1084,0.6166,0.6166
2018-12-26,0.6169,0.0646,0.0942,0.6169,0.6169
2018-12-27,0.6197,0.0679,0.0929,0.6197,0.6197
2018-12-28,0.6206,0.0785,0.0801,0.6206,0.6206
2018-12-29,0.6253000000000001,0.07880000000000001,0.0787,0.6253000000000001,0.6253000000000001
2018-12-30,0.6298,0.0784,0.0762,0.6298,0.6298
2018-12-31,0.6346,0.0809,0.07730000000000001,0.6346,0.6346
2019-01-01,0.6396000000000001,0.0758,0.08710000000000001,0.6396000000000001,0.6396000000000001
2019-01-02,0.6473,0.0473,0.0868,0.6473,0.6473
2019-01-03,0.6512,0.029900000000000006,0.0889,0.6512,0.6512
2019-01-04,0.6536000000000001,0.0111,0.0889,0.6536000000000001,0.6536000000000001
2019-01-05,0.6574,-0.0035,0.0834,0.6574,0.6574
2019-01-06,0.6601,-0.0102,0.0898,0.6601,0.6601
2019-01-07,0.6655,-0.013,0.1016,0.6655,0.6655
2019-01-08,0.6706000000000001,-0.027600000000000003,0.1106,0.6706000000000001,0.6706000000000001
2019-01-09,0.6751,-0.030500000000000006,0.1196,0.6751,0.6751
2019-01-10,0.6806,-0.0403,0.1383,0.6806,0.6806
2019-01-11,0.6874,-0.053700000000000005,0.15460000000000002,0.6874,0.6874
2019-01-12,0.6916,-0.0665,0.17700000000000002,0.6916,0.6916
2019-01-13,0.6968000000000001,-0.0653,0.1728,0.6968000000000001,0.6968000000000001
2019-01-14,0.7031000000000001,-0.0623,0.17470000000000002,0.7031000000000001,0.7031000000000001
2019-01-15,0.7100000000000001,-0.0782,0.1832,0.7100000000000001,0.7100000000000001
2019-01-16,0.7158,-0.0806,0.1894,0.7158,0.7158
2019-01-17,0.7228,-0.0877,0.1901,0.7228,0.7228
2019-01-18,0.7274,-0.0986,0.183,0.7274,0.7274
2019-01-19,0.7366,-0.1064,0.1815,0.7366,0.7366
2019-01-20,0.7382000000000001,-0.1168,0.1776,0.7382000000000001,0.7382000000000001
2019-01-21,0.7427,-0.1214,0.1638,0.7427,0.7427
2019-01-22,0.7417,-0.1273,0.15610000000000002,0.7417,0.7417
2019-01-23,0.7462000000000001,-0.1443,0.15710000000000002,0.7462000000000001,0.7462000000000001
2019-01-24,0.7462000000000001,-0.1688,0.1471,0.7462000000000001,0.7462000000000001
2019-01-25,0.7472000000000001,-0.1948,0.1444,0.7472000000000001,0.7472000000000001
2019-01-26,0.7482000000000001,-0.2035,0.1457,0.7482000000000001,0.7482000000000001
2019-01-27,0.7512000000000001,-0.2192,0.1409,0.7512000000000001,0.7512000000000001
2019-01-28,0.7542,-0.24070000000000005,0.1414,0.7542,0.7542
2019-01-29,0.7523000000000001,-0.2313,0.1257,0.7523000000000001,0.7523000000000001
2019-01-30,0.7534000000000001,-0.2519,0.1231,0.7534000000000001,0.7534000000000001
2019-01-31,0.7536,-0.2263,0.1141,0.7536,0.7536
2019-02-01,0.7586,-0.2149,0.1058,0.7586,0.7586
2019-02-02,0.7603000000000001,-0.2109,0.0947,0.7603000000000001,0.7603000000000001
2019-02-03,0.7612,-0.2102,0.07590000000000001,0.7612,0.7612
2019-02-04,0.7621,-0.2245,0.05810000000000001,0.7621,0.7621
2019-02-05,0.7611,-0.2256,0.0352,0.7611,0.7611
2019-02-06,0.7616,-0.2291,0.0236,0.7616,0.7616
2019-02-07,0.7611,-0.2384,0.0088,0.7611,0.7611
2019-02-08,0.7596,-0.2349,-0.0066,0.7596,0.7596
2019-02-09,0.7583000000000001,-0.2318,-0.0139,0.7583000000000001,0.7583000000000001
2019-02-10,0.7542,-0.246,-0.0106,0.7542,0.7542
2019-02-11,0.7529,-0.2501,-0.0085,0.7529,0.7529
2019-02-12,0.7506,-0.2579,-0.0068000000000000005,0.7506,0.7506
2019-02-13,0.7490000000000001,-0.2601,-0.0029,0.7490000000000001,0.7490000000000001
2019-02-14,0.746,-0.2615,0.0063,0.746,0.746
2019-02-15,0.7443000000000001,-0.2664,0.0037,0.7443000000000001,0.7443000000000001
2019-02-16,0.7425,-0.27540000000000003,0.016,0.7425,0.7425
2019-02-17,0.7397,-0.2611,0.0073,0.7397,0.7397
2019-02-18,0.737,-0.2484,-0.0007,0.737,0.737
2019-02-19,0.737,-0.2361,-0.0088,0.737,0.737
2019-02-20,0.7346,-0.221,-0.016,0.7346,0.7346
2019-02-21,0.7344,-0.1673,-0.0177,0.7344,0.7344
2019-02-22,0.7336,-0.1515,-0.0285,0.7336,0.7336
2019-02-23,0.732,-0.1501,-0.0267,0.732,0.732
2019-02-24,0.7353000000000001,-0.1177,-0.0219,0.7353000000000001,0.7353000000000001
2019-02-25,0.7351000000000001,-0.08510000000000001,-0.0254,0.7351000000000001,0.7351000000000001
2019-02-26,0.7340000000000001,-0.07350000000000001,-0.026500000000000003,0.7340000000000001,0.7340000000000001
2019-02-27,0.737,-0.0626,-0.021,0.737,0.737
2019-02-28,0.7362000000000001,-0.06050000000000001,-0.0006000000000000001,0.7362000000000001,0.7362000000000001
2019-03-01,0.741,-0.0688,0.0056,0.741,0.741
2019-03-02,0.7465,-0.06760000000000001,0.0216,0.7465,0.7465
2019-03-03,0.75,-0.0516,0.0345,0.75,0.75
2019-03-04,0.7539,-0.051300000000000005,0.0391,0.7539,0.7539
2019-03-05,0.7545000000000001,-0.0431,0.0485,0.7545000000000001,0.7545000000000001
2019-03-06,0.7578,-0.0412,0.06050000000000001,0.7578,0.7578
2019-03-07,0.7601,-0.0392,0.0653,0.7601,0.7601
2019-03-08,0.7621,-0.0347,0.0671,0.7621,0.7621
2019-03-09,0.7647,-0.0383,0.0629,0.7647,0.7647
2019-03-10,0.7692,-0.0409,0.0629,0.7692,0.7692
2019-03-11,0.773,-0.0498,0.0582,0.773,0.773
2019-03-12,0.7758,-0.055200000000000006,0.075,0.7758,0.7758
2019-03-13,0.7797000000000001,-0.05810000000000001,0.0724,0.7797000000000001,0.7797000000000001
2019-03-14,0.7837000000000001,-0.0665,0.0745,0.7837000000000001,0.7837000000000001
2019-03-15,0.7874,-0.07250000000000001,0.0767,0.7874,0.7874
2019-03-16,0.7898000000000001,-0.06570000000000001,0.0738,0.7898000000000001,0.7898000000000001
2019-03-17,0.7921,-0.0658,0.075,0.7921,0.7921
2019-03-18,0.7967000000000001,-0.06420000000000001,0.0794,0.7967000000000001,0.7967000000000001
2019-03-19,0.7997000000000001,-0.055200000000000006,0.06620000000000001,0.7997000000000001,0.7997000000000001
2019-03-20,0.8049000000000001,-0.053000000000000005,0.0687,0.8049000000000001,0.8049000000000001
2019-03-21,0.8066,-0.055200000000000006,0.065,0.8066,0.8066
2019-03-22,0.8122,-0.0524,0.0589,0.8122,0.8122
2019-03-23,0.8156,-0.0563,0.0549,0.8156,0.8156
2019-03-24,0.8204,-0.0507,0.0486,0.8204,0.8204
2019-03-25,0.8238000000000001,-0.0509,0.0423,0.8238000000000001,0.8238000000000001
2019-03-26,0.8277,-0.036500000000000005,0.0469,0.8277,0.8277
2019-03-27,0.8318000000000001,-0.0188,0.042100000000000005,0.8318000000000001,0.8318000000000001
2019-03-28,0.8351000000000001,-0.0133,0.040400000000000005,0.8351000000000001,0.8351000000000001
2019-03-29,0.8390000000000001,-0.0145,0.0344,0.8390000000000001,0.8390000000000001
2019-03-30,0.8411000000000001,-0.0154,0.0181,0.8411000000000001,0.8411000000000001
2019-03-31,0.8416,-0.008700000000000001,0.0047,0.8416,0.8416
2019-04-01,0.8428,-0.0152,0.0129,0.8428,0.8428
2019-04-02,0.8438,-0.0324,0.0004,0.8438,0.8438
2019-04-03,0.8439000000000001,-0.033,-0.0142,0.8439000000000001,0.8439000000000001
2019-04-04,0.8451000000000001,-0.0386,-0.0223,0.8451000000000001,0.8451000000000001
2019-04-05,0.8469,-0.0489,-0.044,0.8469,0.8469
2019-04-06,0.8477,-0.0688,-0.0534,0.8477,0.8477
2019-04-07,0.8456,-0.0685,-0.06720000000000001,0.8456,0.8456
2019-04-08,0.8445,-0.06150000000000001,-0.0673,0.8445,0.8445
2019-04-09,0.8419000000000001,-0.08030000000000001,-0.07490000000000001,0.8419000000000001,0.8419000000000001
2019-04-10,0.8405,-0.08600000000000001,-0.0813,0.8405,0.8405
2019-04-11,0.8394,-0.0902,-0.08310000000000001,0.8394,0.8394
2019-04-12,0.8367,-0.0815,-0.0805,0.8367,0.8367
2019-04-13,0.8336,-0.0792,-0.08030000000000001,0.8336,0.8336
2019-04-14,0.8309000000000001,-0.08750000000000001,-0.07690000000000001,0.8309000000000001,0.8309000000000001
2019-04-15,0.8285,-0.077,-0.0782,0.8285,0.8285
2019-04-16,0.8252,-0.075,-0.0704,0.8252,0.8252
2019-04-17,0.8224,-0.08410000000000001,-0.0789,0.8224,0.8224
2019-04-18,0.8213,-0.08710000000000001,-0.0665,0.8213,0.8213
2019-04-19,0.8200000000000001,-0.0919,-0.0472,0.8200000000000001,0.8200000000000001
2019-04-20,0.8169000000000001,-0.0792,-0.0418,0.8169000000000001,0.8169000000000001
2019-04-21,0.8133,-0.0872,-0.0277,0.8133,0.8133
2019-04-22,0.8114,-0.0782,-0.0147,0.8114,0.8114
2019-04-23,0.8117000000000001,-0.0613,0.004,0.8117000000000001,0.8117000000000001
2019-04-24,0.8130000000000001,-0.0614,0.0124,0.8130000000000001,0.8130000000000001
2019-04-25,0.8131,-0.051300000000000005,0.0191,0.8131,0.8131
2019-04-26,0.8144,-0.0448,0.0323,0.8144,0.8144
2019-04-27,0.8162,-0.039,0.0386,0.8162,0.8162
2019-04-28,0.8183,-0.037000000000000005,0.0455,0.8183,0.8183
2019-04-29,0.8215,-0.0381,0.049600000000000005,0.8215,0.8215
2019-04-30,0.8242,-0.0465,0.0475,0.8242,0.8242
2019-05-01,0.8286,-0.06170000000000001,0.0375,0.8286,0.8286
2019-05-02,0.8321000000000001,-0.0763,0.0241,0.8321000000000001,0.8321000000000001
2019-05-03,0.8338,-0.0959,0.0146,0.8338,0.8338
2019-05-04,0.8344,-0.1023,-0.0029,0.8344,0.8344
2019-05-05,0.8341000000000001,-0.1084,-0.0261,0.8341000000000001,0.8341000000000001
2019-05-06,0.8342,-0.128,-0.0407,0.8342,0.8342
2019-05-07,0.8332,-0.1416,-0.049600000000000005,0.8332,0.8332
2019-05-08,0.8296,-0.1552,-0.06050000000000001,0.8296,0.8296
2019-05-09,0.8296,-0.1703,-0.0562,0.8296,0.8296
2019-05-10,0.8282,-0.1743,-0.06000000000000001,0.8282,0.8282
2019-05-11,0.8271000000000001,-0.18899999999999997,-0.0456,0.8271000000000001,0.8271000000000001
2019-05-12,0.8262,-0.2084,-0.0308,0.8262,0.8262
2019-05-13,0.8289000000000001,-0.2192,-0.0111,0.8289000000000001,0.8289000000000001
2019-05-14,0.8312,-0.2338,0.0008,0.8312,0.8312
2019-05-15,0.8340000000000001,-0.2483,0.0197,0.8340000000000001,0.8340000000000001
2019-05-16,0.8394,-0.2606,0.029400000000000006,0.8394,0.8394
2019-05-17,0.8456,-0.2695,0.0333,0.8456,0.8456
2019-05-18,0.8505,-0.28350000000000003,0.0464,0.8505,0.8505
2019-05-19,0.8570000000000001,-0.2785,0.0507,0.8570000000000001,0.8570000000000001
2019-05-20,0.8658,-0.2627,0.0568,0.8658,0.8658
2019-05-21,0.8698,-0.2862,0.0464,0.8698,0.8698
2019-05-22,0.8753000000000001,-0.2989,0.0503,0.8753000000000001,0.8753000000000001
2019-05-23,0.8807,-0.30860000000000004,0.0432,0.8807,0.8807
2019-05-24,0.8842000000000001,-0.3163,0.0392,0.8842000000000001,0.8842000000000001
2019-05-25,0.8877,-0.3138,0.0367,0.8877,0.8877
2019-05-26,0.8915000000000001,-0.3216,0.0422,0.8915000000000001,0.8915000000000001
2019-05-27,0.8959999999999999,-0.335,0.0511,0.8959999999999999,0.8959999999999999
2019-05-28,0.8985000000000001,-0.3299,0.0644,0.8985000000000001,0.8985000000000001
2019-05-29,0.9028,-0.33399999999999996,0.07740000000000001,0.9028,0.9028
2019-05-30,0.9048,-0.3235,0.0904,0.9048,0.9048
2019-05-31,0.9082,-0.322,0.1208,0.9082,0.9082
2019-06-01,0.9107,-0.3134,0.1394,0.9107,0.9107
2019-06-02,0.9154,-0.2934,0.1736,0.9154,0.9154
2019-06-03,0.9227,-0.28750000000000003,0.2038,0.9227,0.9227
2019-06-04,0.9272,-0.2656,0.2206,0.9272,0.9272
2019-06-05,0.9341,-0.2524,0.2335,0.9341,0.9341
2019-06-06,0.9418,-0.2332,0.2499,0.9418,0.9418
2019-06-07,0.9519,-0.2213,0.2651,0.9519,0.9519
2019-06-08,0.9631,-0.1985,0.2748,0.9631,0.9631
2019-06-09,0.9756,-0.1919,0.27940000000000004,0.9756,0.9756
2019-06-10,0.9905,-0.16590000000000002,0.2712,0.9905,0.9905
2019-06-11,1.0013,-0.1463,0.2555,1.0013,1.0013
2019-06-12,1.0123,-0.1316,0.2327,1.0123,1.0123
2019-06-13,1.0229,-0.11699999999999999,0.2128,1.0229,1.0229
2019-06-14,1.0301,-0.0946,0.1821,1.0301,1.0301
2019-06-15,1.0379,-0.0646,0.16060000000000002,1.0379,1.0379
2019-06-16,1.0437,-0.0432,0.12510000000000002,1.0437,1.0437
2019-06-17,1.0483,-0.023,0.0959,1.0483,1.0483
2019-06-18,1.0498,-0.0125,0.0629,1.0498,1.0498
2019-06-19,1.0497,-0.006,0.0233,1.0497,1.0497
2019-06-20,1.0475,0.0028,0.0088,1.0475,1.0475
2019-06-21,1.0461,0.0137,-0.0344,1.0461,1.0461
2019-06-22,1.0427,0.028200000000000006,-0.0679,1.0427,1.0427
2019-06-23,1.0373,0.035300000000000005,-0.0953,1.0373,1.0373
2019-06-24,1.0317,0.0626,-0.1168,1.0317,1.0317
2019-06-25,1.0233,0.0669,-0.1233,1.0233,1.0233
2019-06-26,1.0168,0.0613,-0.1228,1.0168,1.0168
2019-06-27,1.0056,0.08990000000000001,-0.1152,1.0056,1.0056
2019-06-28,0.9987,0.0966,-0.1127,0.9987,0.9987
2019-06-29,0.992,0.1025,-0.1051,0.992,0.992
2019-06-30,0.9855,0.0995,-0.1183,0.9855,0.9855
2019-07-01,0.9761,0.1212,-0.1217,0.9761,0.9761
2019-07-02,0.968,0.14930000000000002,-0.1282,0.968,0.968
2019-07-03,0.9593,0.17020000000000002,-0.135,0.9593,0.9593
2019-07-04,0.9506,0.1763,-0.1384,0.9506,0.9506
2019-07-05,0.9429,0.1961,-0.1452,0.9429,0.9429
2019-07-06,0.9275,0.2183,-0.1424,0.9275,0.9275
2019-07-07,0.9154,0.2544,-0.1401,0.9154,0.9154
2019-07-08,0.9013,0.2569,-0.1375,0.9013,0.9013
2019-07-09,0.8888,0.2692,-0.1199,0.8888,0.8888
2019-07-10,0.8745,0.2612,-0.1096,0.8745,0.8745
2019-07-11,0.8617,0.2585,-0.0947,0.8617,0.8617
2019-07-12,0.8511000000000001,0.26580000000000004,-0.06720000000000001,0.8511000000000001,0.8511000000000001
2019-07-13,0.8401000000000001,0.25630000000000003,-0.0591,0.8401000000000001,0.8401000000000001
2019-07-14,0.8309000000000001,0.2902,-0.0246,0.8309000000000001,0.8309000000000001
2019-07-15,0.8236,0.303,-0.0082,0.8236,0.8236
2019-07-16,0.8147000000000001,0.2934,0.0026000000000000003,0.8147000000000001,0.8147000000000001
2019-07-17,0.8096,0.3126,0.0122,0.8096,0.8096
2019-07-18,0.8089000000000001,0.3184,0.0302,0.8089000000000001,0.8089000000000001
2019-07-19,0.8067000000000001,0.31220000000000003,0.052500000000000005,0.8067000000000001,0.8067000000000001
2019-07-20,0.8045,0.31270000000000003,0.0573,0.8045,0.8045
2019-07-21,0.8041,0.3116,0.0619,0.8041,0.8041
2019-07-22,0.8068000000000001,0.3033,0.06620000000000001,0.8068000000000001,0.8068000000000001
2019-07-23,0.8067000000000001,0.2903,0.0859,0.8067000000000001,0.8067000000000001
2019-07-24,0.8074,0.2564,0.096,0.8074,0.8074
2019-07-25,0.8094,0.2289,0.0907,0.8094,0.8094
2019-07-26,0.8113,0.2031,0.0838,0.8113,0.8113
2019-07-27,0.8113,0.1589,0.0891,0.8113,0.8113
2019-07-28,0.8151,0.1186,0.08080000000000001,0.8151,0.8151
2019-07-29,0.8191,0.0884,0.08990000000000001,0.8191,0.8191
2019-07-30,0.8200000000000001,0.0263,0.0958,0.8200000000000001,0.8200000000000001
2019-07-31,0.8191,0.0023,0.098,0.8191,0.8191
2019-08-01,0.8201,0.003,0.099,0.8201,0.8201
2019-08-02,0.8219000000000001,-0.0389,0.1095,0.8219000000000001,0.8219000000000001
2019-08-03,0.8261000000000001,-0.06330000000000001,0.1181,0.8261000000000001,0.8261000000000001
2019-08-04,0.8311000000000001,-0.07010000000000001,0.1263,0.8311000000000001,0.8311000000000001
2019-08-05,0.8377,-0.08370000000000001,0.1315,0.8377,0.8377
2019-08-06,0.8413,-0.1102,0.13670000000000002,0.8413,0.8413
2019-08-07,0.8460000000000001,-0.1209,0.1371,0.8460000000000001,0.8460000000000001
2019-08-08,0.8509,-0.1335,0.1398,0.8509,0.8509
2019-08-09,0.8530000000000001,-0.134,0.1313,0.8530000000000001,0.8530000000000001
2019-08-10,0.8558,-0.1636,0.1278,0.8558,0.8558
2019-08-11,0.8604,-0.17400000000000002,0.107,0.8604,0.8604
2019-08-12,0.8640000000000001,-0.1818,0.0981,0.8640000000000001,0.8640000000000001
2019-08-13,0.8678,-0.1954,0.0953,0.8678,0.8678
2019-08-14,0.87,-0.2064,0.0784,0.87,0.87
2019-08-15,0.8741,-0.2215,0.0623,0.8741,0.8741
2019-08-16,0.8775000000000001,-0.2334,0.0512,0.8775000000000001,0.8775000000000001
2019-08-17,0.8823000000000001,-0.26230000000000003,0.0345,0.8823000000000001,0.8823000000000001
2019-08-18,0.8854000000000001,-0.2806,0.0086,0.8854000000000001,0.8854000000000001
2019-08-19,0.8869,-0.2888,-0.0114,0.8869,0.8869
2019-08-20,0.8886000000000001,-0.299,-0.0465,0.8886000000000001,0.8886000000000001
2019-08-21,0.8872,-0.303,-0.0688,0.8872,0.8872
2019-08-22,0.8851,-0.301,-0.08650000000000001,0.8851,0.8851
2019-08-23,0.8846,-0.31620000000000004,-0.1086,0.8846,0.8846
2019-08-24,0.879,-0.3048,-0.1238,0.879,0.879
2019-08-25,0.8776,-0.2897,-0.1275,0.8776,0.8776
2019-08-26,0.8740000000000001,-0.28300000000000003,-0.1444,0.8740000000000001,0.8740000000000001
2019-08-27,0.8697,-0.2777,-0.1554,0.8697,0.8697
2019-08-28,0.8601000000000001,-0.2702,-0.1456,0.8601000000000001,0.8601000000000001
2019-08-29,0.8529,-0.2409,-0.14170000000000002,0.8529,0.8529
2019-08-30,0.8538,-0.248,-0.13770000000000002,0.8538,0.8538
2019-08-31,0.8485,-0.237,-0.13670000000000002,0.8485,0.8485
2019-09-01,0.8460000000000001,-0.2068,-0.12810000000000002,0.8460000000000001,0.8460000000000001
2019-09-02,0.8431000000000001,-0.1965,-0.1226,0.8431000000000001,0.8431000000000001
2019-09-03,0.8406,-0.1529,-0.1098,0.8406,0.8406
2019-09-04,0.8368,-0.12610000000000002,-0.11199999999999999,0.8368,0.8368
2019-09-05,0.8336,-0.0943,-0.1118,0.8336,0.8336
2019-09-06,0.8309000000000001,-0.055200000000000006,-0.1104,0.8309000000000001,0.8309000000000001
2019-09-07,0.8273,-0.025900000000000003,-0.0987,0.8273,0.8273
2019-09-08,0.8260000000000001,0.0088,-0.095,0.8260000000000001,0.8260000000000001
2019-09-09,0.8259000000000001,0.029300000000000007,-0.0952,0.8259000000000001,0.8259000000000001
2019-09-10,0.8261000000000001,0.057999999999999996,-0.1012,0.8261000000000001,0.8261000000000001
2019-09-11,0.8268000000000001,0.0888,-0.0985,0.8268000000000001,0.8268000000000001
2019-09-12,0.8273,0.1217,-0.0913,0.8273,0.8273
2019-09-13,0.8273,0.14600000000000002,-0.08650000000000001,0.8273,0.8273
2019-09-14,0.8286,0.1652,-0.084,0.8286,0.8286
2019-09-15,0.8288000000000001,0.1818,-0.0806,0.8288000000000001,0.8288000000000001
2019-09-16,0.8278000000000001,0.2017,-0.0813,0.8278000000000001,0.8278000000000001
2019-09-17,0.8271000000000001,0.2089,-0.0732,0.8271000000000001,0.8271000000000001
2019-09-18,0.8266,0.2146,-0.0596,0.8266,0.8266
2019-09-19,0.8267,0.2243,-0.06430000000000001,0.8267,0.8267
2019-09-20,0.8271000000000001,0.2397,-0.0631,0.8271000000000001,0.8271000000000001
2019-09-21,0.8245,0.2428,-0.054700000000000006,0.8245,0.8245
2019-09-22,0.8227,0.2399,-0.057999999999999996,0.8227,0.8227
2019-09-23,0.8218000000000001,0.2289,-0.0635,0.8218000000000001,0.8218000000000001
2019-09-24,0.8194,0.2263,-0.0551,0.8194,0.8194
2019-09-25,0.8185,0.2164,-0.0606,0.8185,0.8185
2019-09-26,0.8189000000000001,0.1998,-0.0623,0.8189000000000001,0.8189000000000001
2019-09-27,0.8175,0.1987,-0.0577,0.8175,0.8175
2019-09-28,0.8168000000000001,0.1931,-0.06100000000000001,0.8168000000000001,0.8168000000000001
2019-09-29,0.8167000000000001,0.2042,-0.05930000000000001,0.8167000000000001,0.8167000000000001
2019-09-30,0.8151,0.2002,-0.0557,0.8151,0.8151
2019-10-01,0.8138000000000001,0.1996,-0.0485,0.8138000000000001,0.8138000000000001
2019-10-02,0.812,0.2083,-0.0574,0.812,0.812
2019-10-03,0.8114,0.2007,-0.0512,0.8114,0.8114
2019-10-04,0.8106,0.215,-0.0492,0.8106,0.8106
2019-10-05,0.8093,0.2312,-0.0469,0.8093,0.8093
2019-10-06,0.8064,0.25220000000000004,-0.0616,0.8064,0.8064
2019-10-07,0.8047000000000001,0.26899999999999996,-0.0538,0.8047000000000001,0.8047000000000001
2019-10-08,0.8039000000000001,0.28500000000000003,-0.046200000000000005,0.8039000000000001,0.8039000000000001
2019-10-09,0.8024,0.2862,-0.0563,0.8024,0.8024
2019-10-10,0.7992,0.3009,-0.0511,0.7992,0.7992
2019-10-11,0.7969,0.30670000000000003,-0.0516,0.7969,0.7969
2019-10-12,0.7932,0.29960000000000003,-0.0531,0.7932,0.7932
2019-10-13,0.7916000000000001,0.29810000000000003,-0.0582,0.7916000000000001,0.7916000000000001
2019-10-14,0.787,0.2871,-0.0549,0.787,0.787
2019-10-15,0.7842,0.2667,-0.0572,0.7842,0.7842
2019-10-16,0.78,0.2494,-0.06670000000000001,0.78,0.78
2019-10-17,0.7732,0.2258,-0.051300000000000005,0.7732,0.7732
2019-10-18,0.7692,0.2191,-0.0572,0.7692,0.7692
2019-10-19,0.7657,0.2027,-0.0613,0.7657,0.7657
2019-10-20,0.7632,0.1699,-0.0752,0.7632,0.7632
2019-10-21,0.762,0.1668,-0.0777,0.762,0.762
2019-10-22,0.7567,0.1287,-0.0815,0.7567,0.7567
2019-10-23,0.7575000000000001,0.1019,-0.07490000000000001,0.7575000000000001,0.7575000000000001
2019-10-24,0.7553000000000001,0.0957,-0.0692,0.7553000000000001,0.7553000000000001
2019-10-25,0.7521,0.1011,-0.0704,0.7521,0.7521
2019-10-26,0.7483000000000001,0.1127,-0.0761,0.7483000000000001,0.7483000000000001
2019-10-27,0.7451,0.1135,-0.07590000000000001,0.7451,0.7451
2019-10-28,0.7418,0.1315,-0.0775,0.7418,0.7418
2019-10-29,0.7389,0.1473,-0.08420000000000001,0.7389,0.7389
2019-10-30,0.7363000000000001,0.1796,-0.0823,0.7363000000000001,0.7363000000000001
2019-10-31,0.7324,0.16970000000000002,-0.0859,0.7324,0.7324
2019-11-01,0.7304,0.1617,-0.08170000000000001,0.7304,0.7304
2019-11-02,0.7276,0.1554,-0.0801,0.7276,0.7276
2019-11-03,0.7257,0.15810000000000002,-0.0751,0.7257,0.7257
2019-11-04,0.7250000000000001,0.16060000000000002,-0.0595,0.7250000000000001,0.7250000000000001
2019-11-05,0.7264,0.158,-0.0548,0.7264,0.7264
2019-11-06,0.7254,0.15510000000000002,-0.0456,0.7254,0.7254
2019-11-07,0.7264,0.15910000000000002,-0.0344,0.7264,0.7264
2019-11-08,0.7260000000000001,0.1589,-0.0239,0.7260000000000001,0.7260000000000001
2019-11-09,0.7255,0.14250000000000002,-0.0298,0.7255,0.7255
2019-11-10,0.7245,0.1584,-0.0272,0.7245,0.7245
2019-11-11,0.7267,0.1615,-0.0209,0.7267,0.7267
2019-11-12,0.7271000000000001,0.1381,-0.0234,0.7271000000000001,0.7271000000000001
2019-11-13,0.727,0.1389,-0.0346,0.727,0.727
2019-11-14,0.7233,0.1469,-0.0458,0.7233,0.7233
2019-11-15,0.7183,0.1487,-0.055999999999999994,0.7183,0.7183
2019-11-16,0.7165,0.1341,-0.0621,0.7165,0.7165
2019-11-17,0.7140000000000001,0.1218,-0.0688,0.7140000000000001,0.7140000000000001
2019-11-18,0.7130000000000001,0.0921,-0.06860000000000001,0.7130000000000001,0.7130000000000001
2019-11-19,0.7108,0.0955,-0.055900000000000005,0.7108,0.7108
2019-11-20,0.7100000000000001,0.08310000000000001,-0.0486,0.7100000000000001,0.7100000000000001
2019-11-21,0.7085,0.0651,-0.0482,0.7085,0.7085
2019-11-22,0.7089000000000001,0.0644,-0.0423,0.7089000000000001,0.7089000000000001
2019-11-23,0.7085,0.0685,-0.027999999999999997,0.7085,0.7085
2019-11-24,0.7070000000000001,0.0561,-0.0274,0.7070000000000001,0.7070000000000001
2019-11-25,0.7060000000000001,0.0221,-0.0144,0.7060000000000001,0.7060000000000001
2019-11-26,0.7033,0.0232,-0.0183,0.7033,0.7033
2019-11-27,0.7043,0.0143,-0.0122,0.7043,0.7043
2019-11-28,0.7042,0.0125,-0.0024,0.7042,0.7042
2019-11-29,0.7041000000000001,0.0217,0.0076,0.7041000000000001,0.7041000000000001
2019-11-30,0.7034,0.0269,0.0072000000000000015,0.7034,0.7034
2019-12-01,0.7039000000000001,0.0489,0.0141,0.7039000000000001,0.7039000000000001
2019-12-02,0.7020000000000001,0.0784,0.0024,0.7020000000000001,0.7020000000000001
2019-12-03,0.7004,0.1143,0.0129,0.7004,0.7004
2019-12-04,0.6988000000000001,0.1391,0.0398,0.6988000000000001,0.6988000000000001
2019-12-05,0.6974,0.16490000000000002,0.0489,0.6974,0.6974
2019-12-06,0.6956,0.1903,0.0509,0.6956,0.6956
2019-12-07,0.6959000000000001,0.2138,0.055999999999999994,0.6959000000000001,0.6959000000000001
2019-12-08,0.6955,0.2275,0.0743,0.6955,0.6955
2019-12-09,0.6963,0.2304,0.0753,0.6963,0.6963
2019-12-10,0.6960000000000001,0.2422,0.0791,0.6960000000000001,0.6960000000000001
2019-12-11,0.6953,0.2494,0.0751,0.6953,0.6953
2019-12-12,0.6896,0.25420000000000004,0.07540000000000001,0.6896,0.6896
2019-12-13,0.6886,0.2514,0.07690000000000001,0.6886,0.6886
2019-12-14,0.6885,0.2488,0.0826,0.6885,0.6885
2019-12-15,0.6903,0.2488,0.0805,0.6903,0.6903
2019-12-16,0.6900000000000001,0.23440000000000005,0.0785,0.6900000000000001,0.6900000000000001
2019-12-17,0.6882,0.24,0.077,0.6882,0.6882
2019-12-18,0.6885,0.2244,0.0799,0.6885,0.6885
2019-12-19,0.6891,0.2135,0.079,0.6891,0.6891
2019-12-20,0.6880000000000001,0.1998,0.07440000000000001,0.6880000000000001,0.6880000000000001
2019-12-21,0.687,0.2029,0.0704,0.687,0.687
2019-12-22,0.6884,0.17950000000000002,0.07250000000000001,0.6884,0.6884
2019-12-23,0.6897,0.16540000000000002,0.0723,0.6897,0.6897
2019-12-24,0.687,0.15760000000000002,0.06050000000000001,0.687,0.687
2019-12-25,0.6856,0.1437,0.0637,0.6856,0.6856
2019-12-26,0.6855,0.13340000000000002,0.0563,0.6855,0.6855
2019-12-27,0.6846,0.1128,0.0562,0.6846,0.6846
2019-12-28,0.6862,0.12,0.05930000000000001,0.6862,0.6862
2019-12-29,0.6858000000000001,0.1,0.0634,0.6858000000000001,0.6858000000000001
2019-12-30,0.6846,0.09300000000000001,0.0575,0.6846,0.6846
2019-12-31,0.6849000000000001,0.0682,0.0546,0.6849000000000001,0.6849000000000001
2020-01-01,0.6858000000000001,0.0656,0.043300000000000005,0.6858000000000001,0.6858000000000001
2020-01-02,0.6809999999999999,0.0492,0.0262,0.6809999999999999,0.6809999999999999
2020-01-03,0.6793,0.0446,0.0097,0.6793,0.6793
2020-01-04,0.6762,0.0349,0.005,0.6762,0.6762
2020-01-05,0.6772,0.0155,-0.0008,0.6772,0.6772
2020-01-06,0.6759999999999999,-0.0018000000000000004,-0.0015,0.6759999999999999,0.6759999999999999
2020-01-07,0.6754,0.0,-0.0041,0.6754,0.6754
2020-01-08,0.6709999999999999,0.0027,-0.0233,0.6709999999999999,0.6709999999999999
2020-01-09,0.6709,-0.0132,-0.031900000000000005,0.6709,0.6709
2020-01-10,0.6698000000000001,-0.019,-0.041100000000000005,0.6698000000000001,0.6698000000000001
2020-01-11,0.6682,-0.0213,-0.0442,0.6682,0.6682
2020-01-12,0.6667000000000001,-0.038,-0.0396,0.6667000000000001,0.6667000000000001
2020-01-13,0.6686000000000001,-0.040999999999999995,-0.016800000000000002,0.6686000000000001,0.6686000000000001
2020-01-14,0.6709,-0.0545,-0.0091,0.6709,0.6709
2020-01-15,0.672,-0.0563,-0.0101,0.672,0.672
2020-01-16,0.6736000000000001,-0.0444,-0.0088,0.6736000000000001,0.6736000000000001
2020-01-17,0.6767000000000001,-0.0444,-0.0032,0.6767000000000001,0.6767000000000001
2020-01-18,0.6787000000000001,-0.0339,0.0057,0.6787000000000001,0.6787000000000001
2020-01-19,0.6807000000000001,-0.0204,0.0047,0.6807000000000001,0.6807000000000001
2020-01-20,0.6838000000000001,-0.0049,0.0151,0.6838000000000001,0.6838000000000001
2020-01-21,0.6864,-0.0071,0.0191,0.6864,0.6864
2020-01-22,0.6910000000000001,-0.0123,0.0303,0.6910000000000001,0.6910000000000001
2020-01-23,0.6953,-0.0067,0.0361,0.6953,0.6953
2020-01-24,0.6999000000000001,0.0022,0.046,0.6999000000000001,0.6999000000000001
2020-01-25,0.7053,0.0024,0.054700000000000006,0.7053,0.7053
2020-01-26,0.7093,-0.0147,0.0522,0.7093,0.7093
2020-01-27,0.7131000000000001,-0.0267,0.0481,0.7131000000000001,0.7131000000000001
2020-01-28,0.7173,-0.0402,0.0516,0.7173,0.7173
2020-01-29,0.7206,-0.045000000000000005,0.0613,0.7206,0.7206
2020-01-30,0.7242000000000001,-0.0714,0.0495,0.7242000000000001,0.7242000000000001
2020-01-31,0.7210000000000001,-0.0734,0.0685,0.7210000000000001,0.7210000000000001
2020-02-01,0.7253000000000001,-0.09000000000000001,0.0799,0.7253000000000001,0.7253000000000001
2020-02-02,0.7294,-0.113,0.07350000000000001,0.7294,0.7294
2020-02-03,0.7319,-0.105,0.0707,0.7319,0.7319
2020-02-04,0.7354,-0.1371,0.07350000000000001,0.7354,0.7354
2020-02-05,0.7347,-0.1223,0.076,0.7347,0.7347
2020-02-06,0.7389,-0.102,0.081,0.7389,0.7389
2020-02-07,0.7396,-0.1018,0.085,0.7396,0.7396
2020-02-08,0.7403000000000001,-0.1115,0.0813,0.7403000000000001,0.7403000000000001
2020-02-09,0.7393000000000001,-0.1247,0.07930000000000001,0.7393000000000001,0.7393000000000001
2020-02-10,0.7403000000000001,-0.1216,0.08610000000000001,0.7403000000000001,0.7403000000000001
2020-02-11,0.7443000000000001,-0.1497,0.0819,0.7443000000000001,0.7443000000000001
2020-02-12,0.7412000000000001,-0.1179,0.07,0.7412000000000001,0.7412000000000001
2020-02-13,0.7402000000000001,-0.119,0.0631,0.7402000000000001,0.7402000000000001
2020-02-14,0.7402000000000001,-0.13240000000000002,0.0565,0.7402000000000001,0.7402000000000001
2020-02-15,0.7375,-0.1119,0.0495,0.7375,0.7375
2020-02-16,0.74,-0.1159,0.0448,0.74,0.74
2020-02-17,0.7428,-0.1157,0.0401,0.7428,0.7428
2020-02-18,0.7449,-0.1265,0.0425,0.7449,0.7449
2020-02-19,0.7451,-0.1303,0.0312,0.7451,0.7451
2020-02-20,0.7457,-0.12990000000000002,0.0152,0.7457,0.7457
2020-02-21,0.747,-0.13570000000000002,0.0027,0.747,0.747
2020-02-22,0.7468,-0.13699999999999998,-0.0139,0.7468,0.7468
2020-02-23,0.7465,-0.13570000000000002,-0.0171,0.7465,0.7465
2020-02-24,0.7479,-0.1391,-0.0317,0.7479,0.7479
2020-02-25,0.7481,-0.14070000000000002,-0.0429,0.7481,0.7481
2020-02-26,0.7487,-0.14170000000000002,-0.0375,0.7487,0.7487
2020-02-27,0.7483000000000001,-0.1332,-0.0373,0.7483000000000001,0.7483000000000001
2020-02-28,0.7493000000000001,-0.13540000000000002,-0.0406,0.7493000000000001,0.7493000000000001
2020-02-29,0.7492000000000001,-0.1308,-0.0371,0.7492000000000001,0.7492000000000001
2020-03-01,0.7505000000000001,-0.1328,-0.0278,0.7505000000000001,0.7505000000000001
2020-03-02,0.7516,-0.133,-0.0307,0.7516,0.7516
2020-03-03,0.7519,-0.1275,-0.0279,0.7519,0.7519
2020-03-04,0.7527,-0.1345,-0.031400000000000004,0.7527,0.7527
2020-03-05,0.7516,-0.1326,-0.0267,0.7516,0.7516
2020-03-06,0.7531,-0.1497,-0.0312,0.7531,0.7531
2020-03-07,0.7516,-0.14980000000000002,-0.0241,0.7516,0.7516
