actual,decomposed,non_decompose
47.373999999999995,47.373999999999995,47.373999999999995
49.17100000000001,49.17100000000001,49.17100000000001
47.854,47.854,47.854
49.051,49.051,49.051
50.976000000000006,50.976000000000006,50.976000000000006
50.533,50.533,50.533
50.551,50.551,50.551
48.433,48.433,48.433
50.73,50.73,50.73
51.494,51.494,51.494
49.833999999999996,49.833999999999996,49.833999999999996
49.095,49.095,49.095
49.301,49.301,49.301
50.699,50.699,50.699
50.63399999999999,50.63399999999999,50.63399999999999
51.108999999999995,51.108999999999995,51.108999999999995
51.086000000000006,51.086000000000006,51.086000000000006
51.872,51.872,51.872
50.988,50.988,50.988
50.313,50.313,50.313
50.056999999999995,50.056999999999995,50.056999999999995
51.315,51.315,51.315
50.559,50.559,50.559
49.71,49.71,49.71
49.955,49.955,49.955
50.403,50.403,50.403
51.521,51.521,51.521
49.288000000000004,49.288000000000004,49.288000000000004
46.809,46.809,46.809
50.535,50.535,50.535
48.483000000000004,48.483000000000004,48.483000000000004
51.315,51.315,51.315
49.315,49.315,49.315
50.747,50.747,50.747
50.243,50.243,50.243
50.248000000000005,50.248000000000005,50.248000000000005
50.335,50.335,50.335
49.875,49.875,49.875
49.167,49.167,49.167
49.395,49.395,49.395
49.538999999999994,49.538999999999994,49.538999999999994
51.968,51.968,51.968
50.53,50.53,50.53
52.031000000000006,52.031000000000006,52.031000000000006
49.755,49.755,49.755
49.528,49.528,49.528
49.913999999999994,49.913999999999994,49.913999999999994
48.864,48.864,48.864
50.43600000000001,50.43600000000001,50.43600000000001
49.706,49.706,49.706
50.701,50.701,50.701
49.923,49.923,49.923
48.785,48.785,48.785
48.937,48.937,48.937
48.122,48.122,48.122
49.711000000000006,49.711000000000006,49.711000000000006
49.882,49.882,49.882
48.716,48.716,48.716
51.635,51.635,51.635
50.333999999999996,50.333999999999996,50.333999999999996
48.725,48.725,48.725
49.023999999999994,49.023999999999994,49.023999999999994
49.946999999999996,49.946999999999996,49.946999999999996
50.467,50.467,50.467
48.573,48.573,48.573
50.928999999999995,50.928999999999995,50.928999999999995
50.113,50.113,50.113
51.016999999999996,51.016999999999996,51.016999999999996
49.902,49.902,49.902
51.349,51.349,51.349
50.989,50.989,50.989
49.756,49.756,49.756
50.788999999999994,50.788999999999994,50.788999999999994
49.81100000000001,49.81100000000001,49.81100000000001
49.816,49.816,49.816
50.31100000000001,50.31100000000001,50.31100000000001
49.313,49.313,49.313
50.416000000000004,50.416000000000004,50.416000000000004
50.831,50.831,50.831
48.879,48.879,48.879
52.353,52.353,52.353
48.661,48.661,48.661
49.207,49.207,49.207
52.851000000000006,52.851000000000006,52.851000000000006
51.418,51.418,51.418
50.486000000000004,50.486000000000004,50.486000000000004
49.358999999999995,49.358999999999995,49.358999999999995
48.551,48.551,48.551
52.162,52.162,52.162
50.551,50.551,50.551
51.036,51.036,51.036
50.196999999999996,50.196999999999996,50.196999999999996
49.652,49.652,49.652
51.431999999999995,51.431999999999995,51.431999999999995
51.949,51.949,51.949
50.199,50.199,50.199
49.971000000000004,49.971000000000004,49.971000000000004
50.176,50.176,50.176
49.963,49.963,49.963
50.373999999999995,50.373999999999995,50.373999999999995
50.456,50.456,50.456
50.146,50.146,50.146
50.415,50.415,50.415
50.268,50.268,50.268
51.18,51.18,51.18
49.093,49.093,49.093
49.026,49.026,49.026
50.297,50.297,50.297
49.668,49.668,49.668
49.582,49.582,49.582
49.481,49.481,49.481
49.11,49.11,49.11
50.792,50.792,50.792
50.163999999999994,50.163999999999994,50.163999999999994
50.312,50.312,50.312
52.223,52.223,52.223
49.893,49.893,49.893
49.497,49.497,49.497
50.294,50.294,50.294
51.228,51.228,51.228
51.894,51.894,51.894
51.592,51.592,51.592
49.15,49.15,49.15
50.873999999999995,50.873999999999995,50.873999999999995
49.766000000000005,49.766000000000005,49.766000000000005
50.983999999999995,50.983999999999995,50.983999999999995
52.203,52.203,52.203
49.757,49.757,49.757
49.861000000000004,49.861000000000004,49.861000000000004
49.581,49.581,49.581
48.597,48.597,48.597
50.854,50.854,50.854
49.438,49.438,49.438
49.761,49.761,49.761
48.977,48.977,48.977
50.122,50.122,50.122
50.33,50.33,50.33
48.018,48.018,48.018
49.643,49.643,49.643
49.893,49.893,49.893
50.727,50.727,50.727
48.896,48.896,48.896
50.206,50.206,50.206
49.608999999999995,49.608999999999995,49.608999999999995
50.93600000000001,50.93600000000001,50.93600000000001
49.971000000000004,49.971000000000004,49.971000000000004
51.49100000000001,51.49100000000001,51.49100000000001
49.548,49.548,49.548
51.162,51.162,51.162
49.708,49.708,49.708
50.581,50.581,50.581
50.833,50.833,50.833
49.085,49.085,49.085
50.805,50.805,50.805
48.667,48.667,48.667
48.958,48.958,48.958
48.325,48.325,48.325
49.864,49.864,49.864
49.702,49.702,49.702
50.468,50.468,50.468
48.083,48.083,48.083
49.422,49.422,49.422
48.973,48.973,48.973
49.626000000000005,49.626000000000005,49.626000000000005
48.492,48.492,48.492
50.038999999999994,50.038999999999994,50.038999999999994
47.393,47.393,47.393
49.505,49.505,49.505
47.223,47.223,47.223
48.51,48.51,48.51
48.051,48.051,48.051
49.034,49.034,49.034
49.451,49.451,49.451
47.312,47.312,47.312
47.825,47.825,47.825
48.18600000000001,48.18600000000001,48.18600000000001
48.995,48.995,48.995
49.505,49.505,49.505
47.262,47.262,47.262
47.193999999999996,47.193999999999996,47.193999999999996
47.523,47.523,47.523
47.228,47.228,47.228
47.285,47.285,47.285
47.86,47.86,47.86
47.608999999999995,47.608999999999995,47.608999999999995
49.236999999999995,49.236999999999995,49.236999999999995
50.479,50.479,50.479
47.631,47.631,47.631
47.846000000000004,47.846000000000004,47.846000000000004
49.607,49.607,49.607
46.994,46.994,46.994
47.806000000000004,47.806000000000004,47.806000000000004
48.535,48.535,48.535
46.396,46.396,46.396
48.273999999999994,48.273999999999994,48.273999999999994
47.783,47.783,47.783
47.773999999999994,47.773999999999994,47.773999999999994
48.883,48.883,48.883
49.059,49.059,49.059
47.475,47.475,47.475
47.57899999999999,47.57899999999999,47.57899999999999
47.687,47.687,47.687
47.696999999999996,47.696999999999996,47.696999999999996
49.115,49.115,49.115
46.913999999999994,46.913999999999994,46.913999999999994
48.044,48.044,48.044
47.783,47.783,47.783
45.797,45.797,45.797
47.261,47.261,47.261
48.61600000000001,48.61600000000001,48.61600000000001
46.836000000000006,46.836000000000006,46.836000000000006
46.56,46.56,46.56
48.12,48.12,48.12
48.7,48.7,48.7
48.08,48.08,48.08
46.167,46.167,46.167
47.193000000000005,47.193000000000005,47.193000000000005
47.661,47.661,47.661
46.96,46.96,46.96
47.558,47.558,47.558
47.117,47.117,47.117
47.271,47.271,47.271
45.364,45.364,45.364
48.677,48.677,48.677
46.58,46.58,46.58
47.215,47.215,47.215
47.641000000000005,47.641000000000005,47.641000000000005
49.056999999999995,49.056999999999995,49.056999999999995
47.208,47.208,47.208
47.993,47.993,47.993
47.773,47.773,47.773
46.8,46.8,46.8
46.445,46.445,46.445
46.497,46.497,46.497
47.74100000000001,47.74100000000001,47.74100000000001
46.618,46.618,46.618
47.233000000000004,47.233000000000004,47.233000000000004
45.00899999999999,45.00899999999999,45.00899999999999
48.315,48.315,48.315
47.71,47.71,47.71
47.501000000000005,47.501000000000005,47.501000000000005
48.074,48.074,48.074
47.663999999999994,47.663999999999994,47.663999999999994
47.35,47.35,47.35
45.827,45.827,45.827
47.028,47.028,47.028
46.886,46.886,46.886
46.023,46.023,46.023
47.465,47.465,47.465
46.236999999999995,46.236999999999995,46.236999999999995
47.00899999999999,47.00899999999999,47.00899999999999
48.003,48.003,48.003
46.943000000000005,46.943000000000005,46.943000000000005
46.972,46.972,46.972
47.367,47.367,47.367
46.78,46.78,46.78
47.446999999999996,47.446999999999996,47.446999999999996
45.409,45.409,45.409
48.317,48.317,48.317
46.595,46.595,46.595
48.034,48.034,48.034
47.083,47.083,47.083
47.911,47.911,47.911
48.926,48.926,48.926
47.825,47.825,47.825
47.163000000000004,47.163000000000004,47.163000000000004
46.882,46.882,46.882
47.268,47.268,47.268
48.373999999999995,48.373999999999995,48.373999999999995
47.46,47.46,47.46
49.464,49.464,49.464
46.372,46.372,46.372
47.531000000000006,47.531000000000006,47.531000000000006
47.117,47.117,47.117
48.555,48.555,48.555
48.343999999999994,48.343999999999994,48.343999999999994
45.891999999999996,45.891999999999996,45.891999999999996
47.5,47.5,47.5
48.488,48.488,48.488
49.622,49.622,49.622
46.68899999999999,46.68899999999999,46.68899999999999
49.016999999999996,49.016999999999996,49.016999999999996
47.346000000000004,47.346000000000004,47.346000000000004
49.451,49.451,49.451
47.25,47.25,47.25
47.233000000000004,47.233000000000004,47.233000000000004
49.217,49.217,49.217
48.361000000000004,48.361000000000004,48.361000000000004
47.515,47.515,47.515
46.998000000000005,46.998000000000005,46.998000000000005
48.248000000000005,48.248000000000005,48.248000000000005
47.73,47.73,47.73
49.022,49.022,49.022
47.93600000000001,47.93600000000001,47.93600000000001
46.652,46.652,46.652
48.269,48.269,48.269
49.331,49.331,49.331
47.803999999999995,47.803999999999995,47.803999999999995
48.956,48.956,48.956
49.347,49.347,49.347
47.928999999999995,47.928999999999995,47.928999999999995
49.619,49.619,49.619
48.117,48.117,48.117
47.736000000000004,47.736000000000004,47.736000000000004
47.013000000000005,47.013000000000005,47.013000000000005
48.047,48.047,48.047
49.418,49.418,49.418
48.629,48.629,48.629
49.672,49.672,49.672
49.582,49.582,49.582
48.138000000000005,48.138000000000005,48.138000000000005
49.507,49.507,49.507
46.498999999999995,46.498999999999995,46.498999999999995
49.102,49.102,49.102
47.942,47.942,47.942
47.266000000000005,47.266000000000005,47.266000000000005
49.318000000000005,49.318000000000005,49.318000000000005
49.597,49.597,49.597
51.926,51.926,51.926
48.218999999999994,48.218999999999994,48.218999999999994
47.659,47.659,47.659
50.648999999999994,50.648999999999994,50.648999999999994
48.861999999999995,48.861999999999995,48.861999999999995
49.17100000000001,49.17100000000001,49.17100000000001
49.0,49.0,49.0
47.919,47.919,47.919
48.25,48.25,48.25
48.571000000000005,48.571000000000005,48.571000000000005
49.907,49.907,49.907
49.233999999999995,49.233999999999995,49.233999999999995
49.59,49.59,49.59
47.946000000000005,47.946000000000005,47.946000000000005
48.603,48.603,48.603
48.696000000000005,48.696000000000005,48.696000000000005
50.273999999999994,50.273999999999994,50.273999999999994
49.702,49.702,49.702
50.438,50.438,50.438
47.781000000000006,47.781000000000006,47.781000000000006
49.09,49.09,49.09
49.18,49.18,49.18
49.799,49.799,49.799
48.31,48.31,48.31
47.25899999999999,47.25899999999999,47.25899999999999
50.761,50.761,50.761
50.865,50.865,50.865
50.231,50.231,50.231
49.568000000000005,49.568000000000005,49.568000000000005
46.347,46.347,46.347
48.742,48.742,48.742
48.513999999999996,48.513999999999996,48.513999999999996
48.044,48.044,48.044
48.729,48.729,48.729
48.178000000000004,48.178000000000004,48.178000000000004
48.907,48.907,48.907
49.117,49.117,49.117
50.027,50.027,50.027
47.078,47.078,47.078
48.295,48.295,48.295
49.607,49.607,49.607
49.468,49.468,49.468
48.631,48.631,48.631
49.33,49.33,49.33
48.551,48.551,48.551
49.70399999999999,49.70399999999999,49.70399999999999
48.673,48.673,48.673
47.975,47.975,47.975
47.70399999999999,47.70399999999999,47.70399999999999
49.855,49.855,49.855
48.933,48.933,48.933
49.806000000000004,49.806000000000004,49.806000000000004
47.214,47.214,47.214
49.794,49.794,49.794
47.926,47.926,47.926
47.87,47.87,47.87
50.288999999999994,50.288999999999994,50.288999999999994
49.431000000000004,49.431000000000004,49.431000000000004
47.775,47.775,47.775
48.08,48.08,48.08
50.059,50.059,50.059
50.408,50.408,50.408
50.245,50.245,50.245
47.403999999999996,47.403999999999996,47.403999999999996
50.16,50.16,50.16
49.117,49.117,49.117
50.331,50.331,50.331
50.263999999999996,50.263999999999996,50.263999999999996
49.44,49.44,49.44
49.428000000000004,49.428000000000004,49.428000000000004
48.83,48.83,48.83
51.022,51.022,51.022
49.409,49.409,49.409
51.501000000000005,51.501000000000005,51.501000000000005
49.691,49.691,49.691
49.272,49.272,49.272
49.879,49.879,49.879
48.919,48.919,48.919
50.553000000000004,50.553000000000004,50.553000000000004
52.20399999999999,52.20399999999999,52.20399999999999
50.341,50.341,50.341
49.223,49.223,49.223
50.793,50.793,50.793
51.161,51.161,51.161
49.407,49.407,49.407
50.728,50.728,50.728
49.576,49.576,49.576
48.023,48.023,48.023
49.576,49.576,49.576
48.786,48.786,48.786
50.891999999999996,50.891999999999996,50.891999999999996
50.091,50.091,50.091
49.513000000000005,49.513000000000005,49.513000000000005
50.727,50.727,50.727
51.48,51.48,51.48
49.02,49.02,49.02
49.228,49.228,49.228
49.376000000000005,49.376000000000005,49.376000000000005
49.713,49.713,49.713
49.376999999999995,49.376999999999995,49.376999999999995
48.875,48.875,48.875
49.863,49.863,49.863
49.668,49.668,49.668
49.771,49.771,49.771
49.733999999999995,49.733999999999995,49.733999999999995
50.736999999999995,50.736999999999995,50.736999999999995
51.446000000000005,51.446000000000005,51.446000000000005
49.356,49.356,49.356
49.409,49.409,49.409
50.328,50.328,50.328
47.928000000000004,47.928000000000004,47.928000000000004
50.32899999999999,50.32899999999999,50.32899999999999
49.083999999999996,49.083999999999996,49.083999999999996
51.364,51.364,51.364
49.555,49.555,49.555
50.251999999999995,50.251999999999995,50.251999999999995
50.0,50.0,50.0
50.387,50.387,50.387
48.943000000000005,48.943000000000005,48.943000000000005
50.586999999999996,50.586999999999996,50.586999999999996
50.071999999999996,50.071999999999996,50.071999999999996
50.481,50.481,50.481
48.253,48.253,48.253
50.623000000000005,50.623000000000005,50.623000000000005
50.443999999999996,50.443999999999996,50.443999999999996
48.928999999999995,48.928999999999995,48.928999999999995
50.053999999999995,50.053999999999995,50.053999999999995
49.98,49.98,49.98
50.976000000000006,50.976000000000006,50.976000000000006
52.643,52.643,52.643
53.465,53.465,53.465
50.367,50.367,50.367
48.803999999999995,48.803999999999995,48.803999999999995
51.355,51.355,51.355
49.727,49.727,49.727
50.658,50.658,50.658
51.696000000000005,51.696000000000005,51.696000000000005
51.202,51.202,51.202
50.871,50.871,50.871
50.328,50.328,50.328
49.868,49.868,49.868
51.494,51.494,51.494
51.548,51.548,51.548
49.643,49.643,49.643
51.178999999999995,51.178999999999995,51.178999999999995
52.21,52.21,52.21
51.486000000000004,51.486000000000004,51.486000000000004
49.192,49.192,49.192
49.732,49.732,49.732
51.375,51.375,51.375
51.406000000000006,51.406000000000006,51.406000000000006
52.336999999999996,52.336999999999996,52.336999999999996
50.794,50.794,50.794
53.593999999999994,53.593999999999994,53.593999999999994
50.69,50.69,50.69
49.736999999999995,49.736999999999995,49.736999999999995
52.788999999999994,52.788999999999994,52.788999999999994
51.291000000000004,51.291000000000004,51.291000000000004
51.69,51.69,51.69
49.974,49.974,49.974
50.715,50.715,50.715
51.088,51.088,51.088
49.07899999999999,49.07899999999999,49.07899999999999
50.458,50.458,50.458
51.456,51.456,51.456
51.948,51.948,51.948
51.333,51.333,51.333
53.144,53.144,53.144
52.84,52.84,52.84
51.47,51.47,51.47
50.053999999999995,50.053999999999995,50.053999999999995
50.792,50.792,50.792
51.263000000000005,51.263000000000005,51.263000000000005
50.318999999999996,50.318999999999996,50.318999999999996
51.31100000000001,51.31100000000001,51.31100000000001
52.52,52.52,52.52
51.898999999999994,51.898999999999994,51.898999999999994
51.706,51.706,51.706
51.596000000000004,51.596000000000004,51.596000000000004
52.996,52.996,52.996
51.49100000000001,51.49100000000001,51.49100000000001
49.928000000000004,49.928000000000004,49.928000000000004
53.433,53.433,53.433
51.898,51.898,51.898
52.413000000000004,52.413000000000004,52.413000000000004
52.119,52.119,52.119
51.208999999999996,51.208999999999996,51.208999999999996
51.196999999999996,51.196999999999996,51.196999999999996
49.905,49.905,49.905
52.282,52.282,52.282
52.438,52.438,52.438
52.95399999999999,52.95399999999999,52.95399999999999
51.58,51.58,51.58
50.373999999999995,50.373999999999995,50.373999999999995
50.733000000000004,50.733000000000004,50.733000000000004
51.1,51.1,51.1
49.753,49.753,49.753
52.794,52.794,52.794
52.085,52.085,52.085
51.791000000000004,51.791000000000004,51.791000000000004
52.461000000000006,52.461000000000006,52.461000000000006
51.879,51.879,51.879
51.032,51.032,51.032
51.7,51.7,51.7
51.536,51.536,51.536
51.506,51.506,51.506
50.464,50.464,50.464
51.275,51.275,51.275
53.636,53.636,53.636
52.169,52.169,52.169
51.108000000000004,51.108000000000004,51.108000000000004
51.928000000000004,51.928000000000004,51.928000000000004
50.667,50.667,50.667
50.121,50.121,50.121
51.894,51.894,51.894
49.494,49.494,49.494
50.931999999999995,50.931999999999995,50.931999999999995
51.184,51.184,51.184
49.864,49.864,49.864
51.175,51.175,51.175
52.341,52.341,52.341
50.076,50.076,50.076
51.441,51.441,51.441
49.476000000000006,49.476000000000006,49.476000000000006
50.846000000000004,50.846000000000004,50.846000000000004
50.669,50.669,50.669
50.208999999999996,50.208999999999996,50.208999999999996
52.293,52.293,52.293
50.809,50.809,50.809
51.678999999999995,51.678999999999995,51.678999999999995
52.573,52.573,52.573
52.037,52.037,52.037
49.871,49.871,49.871
52.975,52.975,52.975
49.643,49.643,49.643
51.738,51.738,51.738
51.586000000000006,51.586000000000006,51.586000000000006
50.218,50.218,50.218
52.911,52.911,52.911
51.375,51.375,51.375
52.122,52.122,52.122
50.743,50.743,50.743
51.196999999999996,51.196999999999996,51.196999999999996
50.468999999999994,50.468999999999994,50.468999999999994
51.31100000000001,51.31100000000001,51.31100000000001
52.299,52.299,52.299
51.577,51.577,51.577
50.728,50.728,50.728
51.527,51.527,51.527
50.636,50.636,50.636
51.563,51.563,51.563
50.486999999999995,50.486999999999995,50.486999999999995
51.104,51.104,51.104
51.058,51.058,51.058
52.301,52.301,52.301
51.678000000000004,51.678000000000004,51.678000000000004
49.505,49.505,49.505
51.721000000000004,51.721000000000004,51.721000000000004
50.431999999999995,50.431999999999995,50.431999999999995
51.282,51.282,51.282
50.533,50.533,50.533
52.033,52.033,52.033
49.051,49.051,49.051
50.582,50.582,50.582
50.47,50.47,50.47
50.747,50.747,50.747
52.107,52.107,52.107
51.027,51.027,51.027
51.25,51.25,51.25
51.13,51.13,51.13
53.619,53.619,53.619
51.925,51.925,51.925
51.873999999999995,51.873999999999995,51.873999999999995
51.128,51.128,51.128
50.496,50.496,50.496
52.998999999999995,52.998999999999995,52.998999999999995
50.692,50.692,50.692
49.841,49.841,49.841
52.415,52.415,52.415
52.135,52.135,52.135
52.14,52.14,52.14
51.57,51.57,51.57
52.613,52.613,52.613
49.966,49.966,49.966
53.508,53.508,53.508
50.74,50.74,50.74
50.611999999999995,50.611999999999995,50.611999999999995
51.958,51.958,51.958
52.713,52.713,52.713
51.498999999999995,51.498999999999995,51.498999999999995
51.316,51.316,51.316
52.144,52.144,52.144
51.93,51.93,51.93
51.16,51.16,51.16
52.266999999999996,52.266999999999996,52.266999999999996
51.949,51.949,51.949
52.733999999999995,52.733999999999995,52.733999999999995
50.901,50.901,50.901
53.071000000000005,53.071000000000005,53.071000000000005
51.403,51.403,51.403
52.74,52.74,52.74
50.979,50.979,50.979
51.023999999999994,51.023999999999994,51.023999999999994
52.358000000000004,52.358000000000004,52.358000000000004
50.795,50.795,50.795
51.722,51.722,51.722
51.95,51.95,51.95
52.215,52.215,52.215
51.12,51.12,51.12
51.89,51.89,51.89
51.934,51.934,51.934
51.961000000000006,51.961000000000006,51.961000000000006
51.382,51.382,51.382
52.729,52.729,52.729
50.93,50.93,50.93
52.533,52.533,52.533
51.022,51.022,51.022
51.754,51.754,51.754
51.897,51.897,51.897
49.641999999999996,49.641999999999996,49.641999999999996
49.794,49.794,49.794
51.29,51.29,51.29
50.983999999999995,50.983999999999995,50.983999999999995
52.332,52.332,52.332
52.17100000000001,52.17100000000001,52.17100000000001
50.638000000000005,50.638000000000005,50.638000000000005
51.545,51.545,51.545
51.625,51.625,51.625
51.548,51.548,51.548
52.342,52.342,52.342
50.448,50.448,50.448
53.714,53.714,53.714
51.965,51.965,51.965
50.02,50.02,50.02
52.555,52.555,52.555
51.145,51.145,51.145
51.269,51.269,51.269
49.913999999999994,49.913999999999994,49.913999999999994
51.229,51.229,51.229
50.663999999999994,50.663999999999994,50.663999999999994
52.363,52.363,52.363
50.843,50.843,50.843
50.903,50.903,50.903
51.31100000000001,51.31100000000001,51.31100000000001
50.586999999999996,50.586999999999996,50.586999999999996
51.669,51.669,51.669
51.467,51.467,51.467
51.06100000000001,51.06100000000001,51.06100000000001
48.776,48.776,48.776
51.775,51.775,51.775
50.438,50.438,50.438
50.977,50.977,50.977
50.74,50.74,50.74
49.99100000000001,49.99100000000001,49.99100000000001
50.993,50.993,50.993
50.497,50.497,50.497
49.012,49.012,49.012
49.943000000000005,49.943000000000005,49.943000000000005
50.13,50.13,50.13
50.652,50.652,50.652
49.723,49.723,49.723
50.476000000000006,50.476000000000006,50.476000000000006
50.88399999999999,50.88399999999999,50.88399999999999
50.961999999999996,50.961999999999996,50.961999999999996
50.543,50.543,50.543
51.141999999999996,51.141999999999996,51.141999999999996
51.022,51.022,51.022
51.29600000000001,51.29600000000001,51.29600000000001
50.409,50.409,50.409
50.472,50.472,50.472
49.133,49.133,49.133
49.922,49.922,49.922
48.605,48.605,48.605
49.379,49.379,49.379
50.419,50.419,50.419
50.101000000000006,50.101000000000006,50.101000000000006
50.131,50.131,50.131
49.641000000000005,49.641000000000005,49.641000000000005
48.464,48.464,48.464
50.236999999999995,50.236999999999995,50.236999999999995
49.135,49.135,49.135
50.424,50.424,50.424
50.04,50.04,50.04
51.121,51.121,51.121
49.953,49.953,49.953
48.42100000000001,48.42100000000001,48.42100000000001
49.39,49.39,49.39
48.255,48.255,48.255
49.79,49.79,49.79
49.126999999999995,49.126999999999995,49.126999999999995
48.708,48.708,48.708
49.358999999999995,49.358999999999995,49.358999999999995
50.882,50.882,50.882
48.071999999999996,48.071999999999996,48.071999999999996
51.101000000000006,51.101000000000006,51.101000000000006
48.868,48.868,48.868
48.761,48.761,48.761
48.396,48.396,48.396
50.091,50.091,50.091
50.878,50.878,50.878
48.17100000000001,48.17100000000001,48.17100000000001
47.577,47.577,47.577
50.055,50.055,50.055
51.107,51.107,51.107
50.435,50.435,50.435
48.387,48.387,48.387
49.623999999999995,49.623999999999995,49.623999999999995
49.68600000000001,49.68600000000001,49.68600000000001
50.181999999999995,50.181999999999995,50.181999999999995
49.108000000000004,49.108000000000004,49.108000000000004
48.926,48.926,48.926
48.332,48.332,48.332
49.828,49.828,49.828
49.748000000000005,49.748000000000005,49.748000000000005
49.867,49.867,49.867
49.06,49.06,49.06
51.708,51.708,51.708
50.333,50.333,50.333
50.012,50.012,50.012
49.769,49.769,49.769
48.836999999999996,48.836999999999996,48.836999999999996
47.873000000000005,47.873000000000005,47.873000000000005
49.376999999999995,49.376999999999995,49.376999999999995
48.111999999999995,48.111999999999995,48.111999999999995
49.643,49.643,49.643
49.707,49.707,49.707
48.915,48.915,48.915
48.894,48.894,48.894
50.397,50.397,50.397
49.678999999999995,49.678999999999995,49.678999999999995
48.75899999999999,48.75899999999999,48.75899999999999
48.291000000000004,48.291000000000004,48.291000000000004
48.575,48.575,48.575
49.141000000000005,49.141000000000005,49.141000000000005
47.442,47.442,47.442
48.483999999999995,48.483999999999995,48.483999999999995
49.626000000000005,49.626000000000005,49.626000000000005
48.888999999999996,48.888999999999996,48.888999999999996
49.711000000000006,49.711000000000006,49.711000000000006
49.527,49.527,49.527
49.566,49.566,49.566
48.071999999999996,48.071999999999996,48.071999999999996
49.037,49.037,49.037
48.538999999999994,48.538999999999994,48.538999999999994
49.257,49.257,49.257
50.39,50.39,50.39
50.06100000000001,50.06100000000001,50.06100000000001
48.838,48.838,48.838
49.791000000000004,49.791000000000004,49.791000000000004
49.093999999999994,49.093999999999994,49.093999999999994
50.018,50.018,50.018
48.208999999999996,48.208999999999996,48.208999999999996
49.188,49.188,49.188
49.317,49.317,49.317
48.605,48.605,48.605
49.833999999999996,49.833999999999996,49.833999999999996
50.535,50.535,50.535
49.747,49.747,49.747
50.803999999999995,50.803999999999995,50.803999999999995
50.012,50.012,50.012
49.97,49.97,49.97
50.673,50.673,50.673
50.446000000000005,50.446000000000005,50.446000000000005
50.053999999999995,50.053999999999995,50.053999999999995
49.453,49.453,49.453
49.417,49.417,49.417
48.763999999999996,48.763999999999996,48.763999999999996
50.282,50.282,50.282
50.387,50.387,50.387
49.32,49.32,49.32
49.614,49.614,49.614
50.088,50.088,50.088
47.922,47.922,47.922
48.34,48.34,48.34
50.745,50.745,50.745
50.155,50.155,50.155
48.034,48.034,48.034
49.505,49.505,49.505
47.893,47.893,47.893
48.438,48.438,48.438
48.907,48.907,48.907
49.98,49.98,49.98
47.778,47.778,47.778
49.813,49.813,49.813
47.946999999999996,47.946999999999996,47.946999999999996
48.983999999999995,48.983999999999995,48.983999999999995
48.001999999999995,48.001999999999995,48.001999999999995
48.629,48.629,48.629
49.413999999999994,49.413999999999994,49.413999999999994
50.272,50.272,50.272
48.321000000000005,48.321000000000005,48.321000000000005
48.576,48.576,48.576
48.153,48.153,48.153
48.604,48.604,48.604
48.052,48.052,48.052
48.111000000000004,48.111000000000004,48.111000000000004
48.688,48.688,48.688
48.45399999999999,48.45399999999999,48.45399999999999
50.08,50.08,50.08
49.684,49.684,49.684
49.181999999999995,49.181999999999995,49.181999999999995
46.59,46.59,46.59
49.693999999999996,49.693999999999996,49.693999999999996
48.638999999999996,48.638999999999996,48.638999999999996
47.607,47.607,47.607
47.343999999999994,47.343999999999994,47.343999999999994
48.278,48.278,48.278
48.364,48.364,48.364
49.356,49.356,49.356
48.19,48.19,48.19
48.437,48.437,48.437
46.841,46.841,46.841
46.589,46.589,46.589
47.63,47.63,47.63
47.935,47.935,47.935
48.553999999999995,48.553999999999995,48.553999999999995
48.1,48.1,48.1
47.427,47.427,47.427
46.645,46.645,46.645
49.823,49.823,49.823
49.104,49.104,49.104
48.395,48.395,48.395
48.848,48.848,48.848
50.715,50.715,50.715
49.73,49.73,49.73
48.06100000000001,48.06100000000001,48.06100000000001
47.758,47.758,47.758
48.875,48.875,48.875
47.89,47.89,47.89
48.276,48.276,48.276
47.45399999999999,47.45399999999999,47.45399999999999
49.743,49.743,49.743
48.631,48.631,48.631
48.778999999999996,48.778999999999996,48.778999999999996
49.367,49.367,49.367
48.511,48.511,48.511
48.131,48.131,48.131
48.328,48.328,48.328
47.52,47.52,47.52
46.992,46.992,46.992
48.416000000000004,48.416000000000004,48.416000000000004
47.492,47.492,47.492
48.163000000000004,48.163000000000004,48.163000000000004
47.995,47.995,47.995
46.873999999999995,46.873999999999995,46.873999999999995
48.151,48.151,48.151
47.676,47.676,47.676
48.852,48.852,48.852
47.271,47.271,47.271
47.315,47.315,47.315
45.903,45.903,45.903
47.68600000000001,47.68600000000001,47.68600000000001
48.69,48.69,48.69
47.61,47.61,47.61
45.308,45.308,45.308
46.833,46.833,46.833
48.451,48.451,48.451
48.69,48.69,48.69
47.895,47.895,47.895
48.372,48.372,48.372
46.61,46.61,46.61
48.683,48.683,48.683
47.218,47.218,47.218
49.312,49.312,49.312
47.727,47.727,47.727
47.852,47.852,47.852
49.22,49.22,49.22
48.948,48.948,48.948
47.519,47.519,47.519
49.619,49.619,49.619
48.401,48.401,48.401
49.138000000000005,49.138000000000005,49.138000000000005
49.218,49.218,49.218
46.358000000000004,46.358000000000004,46.358000000000004
49.676,49.676,49.676
47.655,47.655,47.655
48.525,48.525,48.525
47.055,47.055,47.055
46.138000000000005,46.138000000000005,46.138000000000005
48.948,48.948,48.948
48.977,48.977,48.977
49.821000000000005,49.821000000000005,49.821000000000005
48.942,48.942,48.942
49.266999999999996,49.266999999999996,49.266999999999996
48.225,48.225,48.225
49.588,49.588,49.588
48.839,48.839,48.839
47.958,47.958,47.958
48.76,48.76,48.76
47.623000000000005,47.623000000000005,47.623000000000005
48.813,48.813,48.813
49.551,49.551,49.551
49.964,49.964,49.964
48.246,48.246,48.246
48.339,48.339,48.339
49.068000000000005,49.068000000000005,49.068000000000005
50.431000000000004,50.431000000000004,50.431000000000004
48.00899999999999,48.00899999999999,48.00899999999999
48.408,48.408,48.408
48.747,48.747,48.747
49.3,49.3,49.3
48.309,48.309,48.309
48.896,48.896,48.896
48.379,48.379,48.379
49.532,49.532,49.532
47.825,47.825,47.825
49.07,49.07,49.07
47.827,47.827,47.827
50.08,50.08,50.08
50.181999999999995,50.181999999999995,50.181999999999995
49.673,49.673,49.673
50.434,50.434,50.434
48.489,48.489,48.489
47.864,47.864,47.864
48.168,48.168,48.168
48.542,48.542,48.542
46.968,46.968,46.968
49.214,49.214,49.214
50.658,50.658,50.658
49.262,49.262,49.262
49.387,49.387,49.387
50.81399999999999,50.81399999999999,50.81399999999999
48.495,48.495,48.495
49.799,49.799,49.799
48.349,48.349,48.349
48.66,48.66,48.66
50.438,50.438,50.438
50.028,50.028,50.028
52.42,52.42,52.42
48.983000000000004,48.983000000000004,48.983000000000004
50.596000000000004,50.596000000000004,50.596000000000004
50.676,50.676,50.676
49.915,49.915,49.915
50.733999999999995,50.733999999999995,50.733999999999995
50.018,50.018,50.018
49.419,49.419,49.419
48.666000000000004,48.666000000000004,48.666000000000004
51.43899999999999,51.43899999999999,51.43899999999999
51.452,51.452,51.452
48.477,48.477,48.477
49.373999999999995,49.373999999999995,49.373999999999995
49.42100000000001,49.42100000000001,49.42100000000001
51.516000000000005,51.516000000000005,51.516000000000005
50.06,50.06,50.06
50.361999999999995,50.361999999999995,50.361999999999995
50.855,50.855,50.855
51.126000000000005,51.126000000000005,51.126000000000005
51.15,51.15,51.15
50.736000000000004,50.736000000000004,50.736000000000004
50.865,50.865,50.865
50.485,50.485,50.485
48.815,48.815,48.815
48.916000000000004,48.916000000000004,48.916000000000004
49.812,49.812,49.812
49.026,49.026,49.026
50.25,50.25,50.25
50.16,50.16,50.16
48.825,48.825,48.825
51.1,51.1,51.1
49.849,49.849,49.849
50.445,50.445,50.445
51.268,51.268,51.268
50.354,50.354,50.354
50.666000000000004,50.666000000000004,50.666000000000004
52.95,52.95,52.95
52.065,52.065,52.065
50.975,50.975,50.975
51.722,51.722,51.722
50.082,50.082,50.082
49.836999999999996,49.836999999999996,49.836999999999996
50.736999999999995,50.736999999999995,50.736999999999995
50.839,50.839,50.839
50.623999999999995,50.623999999999995,50.623999999999995
51.626999999999995,51.626999999999995,51.626999999999995
52.733999999999995,52.733999999999995,52.733999999999995
51.428999999999995,51.428999999999995,51.428999999999995
50.446999999999996,50.446999999999996,50.446999999999996
50.748000000000005,50.748000000000005,50.748000000000005
50.794,50.794,50.794
51.281000000000006,51.281000000000006,51.281000000000006
51.763999999999996,51.763999999999996,51.763999999999996
51.096000000000004,51.096000000000004,51.096000000000004
52.052,52.052,52.052
52.453,52.453,52.453
52.169,52.169,52.169
50.488,50.488,50.488
52.854,52.854,52.854
50.978,50.978,50.978
52.393,52.393,52.393
53.638000000000005,53.638000000000005,53.638000000000005
51.338,51.338,51.338
50.905,50.905,50.905
50.163999999999994,50.163999999999994,50.163999999999994
50.762,50.762,50.762
50.508,50.508,50.508
52.223,52.223,52.223
50.683,50.683,50.683
50.163000000000004,50.163000000000004,50.163000000000004
51.497,51.497,51.497
52.602,52.602,52.602
51.191,51.191,51.191
52.156000000000006,52.156000000000006,52.156000000000006
52.54,52.54,52.54
51.15,51.15,51.15
52.178999999999995,52.178999999999995,52.178999999999995
50.493,50.493,50.493
49.446999999999996,49.446999999999996,49.446999999999996
51.659,51.659,51.659
52.713,52.713,52.713
49.533,49.533,49.533
52.19,52.19,52.19
51.31399999999999,51.31399999999999,51.31399999999999
53.961000000000006,53.961000000000006,53.961000000000006
52.667,52.667,52.667
50.345,50.345,50.345
52.105,52.105,52.105
50.772,50.772,50.772
52.016000000000005,52.016000000000005,52.016000000000005
51.626999999999995,51.626999999999995,51.626999999999995
52.115,52.115,52.115
52.347,52.347,52.347
52.238,52.238,52.238
53.32,53.32,53.32
52.228,52.228,52.228
53.047,53.047,53.047
51.507,51.507,51.507
51.443000000000005,51.443000000000005,51.443000000000005
51.706,51.706,51.706
50.193999999999996,50.193999999999996,50.193999999999996
51.367,51.367,51.367
53.206,53.206,53.206
51.45,51.45,51.45
53.36,53.36,53.36
51.023999999999994,51.023999999999994,51.023999999999994
53.357,53.357,53.357
53.016999999999996,53.016999999999996,53.016999999999996
51.091,51.091,51.091
53.637,53.637,53.637
51.141000000000005,51.141000000000005,51.141000000000005
50.97,50.97,50.97
51.466,51.466,51.466
50.754,50.754,50.754
51.917,51.917,51.917
51.99,51.99,51.99
51.803999999999995,51.803999999999995,51.803999999999995
52.941,52.941,52.941
49.86,49.86,49.86
53.006,53.006,53.006
49.806999999999995,49.806999999999995,49.806999999999995
51.161,51.161,51.161
52.325,52.325,52.325
53.468999999999994,53.468999999999994,53.468999999999994
51.393,51.393,51.393
52.41,52.41,52.41
52.369,52.369,52.369
52.513999999999996,52.513999999999996,52.513999999999996
52.29600000000001,52.29600000000001,52.29600000000001
52.74100000000001,52.74100000000001,52.74100000000001
52.416000000000004,52.416000000000004,52.416000000000004
52.761,52.761,52.761
53.62,53.62,53.62
52.629,52.629,52.629
51.843,51.843,51.843
51.96,51.96,51.96
54.097,54.097,54.097
51.573,51.573,51.573
53.17100000000001,53.17100000000001,53.17100000000001
53.321999999999996,53.321999999999996,53.321999999999996
52.082,52.082,52.082
53.388000000000005,53.388000000000005,53.388000000000005
52.623000000000005,52.623000000000005,52.623000000000005
53.453,53.453,53.453
53.32,53.32,53.32
54.18600000000001,54.18600000000001,54.18600000000001
54.027,54.027,54.027
53.909,53.909,53.909
54.097,54.097,54.097
52.888999999999996,52.888999999999996,52.888999999999996
52.878,52.878,52.878
53.058,53.058,53.058
52.567,52.567,52.567
51.868,51.868,51.868
51.295,51.295,51.295
53.501999999999995,53.501999999999995,53.501999999999995
51.401,51.401,51.401
53.146,53.146,53.146
52.073,52.073,52.073
51.358000000000004,51.358000000000004,51.358000000000004
53.937,53.937,53.937
51.585,51.585,51.585
52.173,52.173,52.173
52.886,52.886,52.886
53.426,53.426,53.426
53.614,53.614,53.614
53.922,53.922,53.922
52.593,52.593,52.593
53.428000000000004,53.428000000000004,53.428000000000004
54.162,54.162,54.162
51.381,51.381,51.381
52.263999999999996,52.263999999999996,52.263999999999996
52.772,52.772,52.772
52.181000000000004,52.181000000000004,52.181000000000004
51.665,51.665,51.665
51.986999999999995,51.986999999999995,51.986999999999995
52.73,52.73,52.73
51.979,51.979,51.979
51.196000000000005,51.196000000000005,51.196000000000005
50.06100000000001,50.06100000000001,50.06100000000001
51.853,51.853,51.853
51.89,51.89,51.89
51.761,51.761,51.761
52.754,52.754,52.754
52.86600000000001,52.86600000000001,52.86600000000001
51.135,51.135,51.135
52.54600000000001,52.54600000000001,52.54600000000001
52.553999999999995,52.553999999999995,52.553999999999995
50.82899999999999,50.82899999999999,50.82899999999999
52.668,52.668,52.668
51.758,51.758,51.758
52.224,52.224,52.224
51.458999999999996,51.458999999999996,51.458999999999996
51.004,51.004,51.004
51.056000000000004,51.056000000000004,51.056000000000004
52.57,52.57,52.57
51.255,51.255,51.255
51.638000000000005,51.638000000000005,51.638000000000005
51.827,51.827,51.827
52.419,52.419,52.419
52.556999999999995,52.556999999999995,52.556999999999995
52.141999999999996,52.141999999999996,52.141999999999996
51.083999999999996,51.083999999999996,51.083999999999996
51.82899999999999,51.82899999999999,51.82899999999999
51.282,51.282,51.282
49.29600000000001,49.29600000000001,49.29600000000001
50.577,50.577,50.577
51.655,51.655,51.655
49.724,49.724,49.724
49.983000000000004,49.983000000000004,49.983000000000004
51.825,51.825,51.825
53.39,53.39,53.39
51.227,51.227,51.227
51.578,51.578,51.578
51.909,51.909,51.909
52.69,52.69,52.69
50.672,50.672,50.672
52.653,52.653,52.653
51.103,51.103,51.103
50.206,50.206,50.206
50.799,50.799,50.799
51.156000000000006,51.156000000000006,51.156000000000006
50.077,50.077,50.077
48.181000000000004,48.181000000000004,48.181000000000004
50.263999999999996,50.263999999999996,50.263999999999996
52.93,52.93,52.93
50.516000000000005,50.516000000000005,50.516000000000005
49.93600000000001,49.93600000000001,49.93600000000001
50.922,50.922,50.922
51.075,51.075,51.075
50.175,50.175,50.175
50.026,50.026,50.026
51.152,51.152,51.152
49.588,49.588,49.588
52.108000000000004,52.108000000000004,52.108000000000004
51.49,51.49,51.49
51.851000000000006,51.851000000000006,51.851000000000006
50.698,50.698,50.698
48.43899999999999,48.43899999999999,48.43899999999999
50.46,50.46,50.46
49.50899999999999,49.50899999999999,49.50899999999999
49.343999999999994,49.343999999999994,49.343999999999994
49.558,49.558,49.558
51.13399999999999,51.13399999999999,51.13399999999999
50.346000000000004,50.346000000000004,50.346000000000004
51.583,51.583,51.583
52.178000000000004,52.178000000000004,52.178000000000004
52.00899999999999,52.00899999999999,52.00899999999999
51.61,51.61,51.61
49.20399999999999,49.20399999999999,49.20399999999999
50.113,50.113,50.113
50.475,50.475,50.475
50.473,50.473,50.473
50.725,50.725,50.725
50.338,50.338,50.338
50.035,50.035,50.035
49.06399999999999,49.06399999999999,49.06399999999999
50.227,50.227,50.227
49.997,49.997,49.997
51.86,51.86,51.86
51.012,51.012,51.012
49.957,49.957,49.957
51.343999999999994,51.343999999999994,51.343999999999994
49.821999999999996,49.821999999999996,49.821999999999996
48.838,48.838,48.838
49.907,49.907,49.907
51.724,51.724,51.724
49.699,49.699,49.699
51.72,51.72,51.72
51.865,51.865,51.865
50.257,50.257,50.257
48.907,48.907,48.907
49.821999999999996,49.821999999999996,49.821999999999996
48.775,48.775,48.775
51.321999999999996,51.321999999999996,51.321999999999996
48.946999999999996,48.946999999999996,48.946999999999996
49.369,49.369,49.369
51.65,51.65,51.65
50.678999999999995,50.678999999999995,50.678999999999995
50.846000000000004,50.846000000000004,50.846000000000004
50.943000000000005,50.943000000000005,50.943000000000005
50.067,50.067,50.067
50.369,50.369,50.369
50.148999999999994,50.148999999999994,50.148999999999994
49.176,49.176,49.176
50.391000000000005,50.391000000000005,50.391000000000005
51.052,51.052,51.052
47.881,47.881,47.881
51.211999999999996,51.211999999999996,51.211999999999996
51.395,51.395,51.395
48.266000000000005,48.266000000000005,48.266000000000005
51.338,51.338,51.338
50.187,50.187,50.187
51.762,51.762,51.762
51.306000000000004,51.306000000000004,51.306000000000004
51.167,51.167,51.167
51.026,51.026,51.026
51.12,51.12,51.12
50.286,50.286,50.286
51.038000000000004,51.038000000000004,51.038000000000004
51.665,51.665,51.665
52.06399999999999,52.06399999999999,52.06399999999999
49.961999999999996,49.961999999999996,49.961999999999996
50.292,50.292,50.292
51.177,51.177,51.177
49.746,49.746,49.746
49.532,49.532,49.532
51.125,51.125,51.125
50.04,50.04,50.04
49.848,49.848,49.848
49.951,49.951,49.951
51.876999999999995,51.876999999999995,51.876999999999995
50.397,50.397,50.397
52.276,52.276,52.276
51.382,51.382,51.382
50.137,50.137,50.137
51.615,51.615,51.615
50.551,50.551,50.551
50.332,50.332,50.332
49.943000000000005,49.943000000000005,49.943000000000005
51.018,51.018,51.018
52.411,52.411,52.411
50.615,50.615,50.615
50.908,50.908,50.908
51.512,51.512,51.512
52.668,52.668,52.668
52.245,52.245,52.245
50.672,50.672,50.672
50.32,50.32,50.32
51.246,51.246,51.246
52.678999999999995,52.678999999999995,52.678999999999995
50.227,50.227,50.227
51.758,51.758,51.758
52.198,52.198,52.198
52.114,52.114,52.114
51.141000000000005,51.141000000000005,51.141000000000005
50.676,50.676,50.676
51.016000000000005,51.016000000000005,51.016000000000005
50.178999999999995,50.178999999999995,50.178999999999995
51.868,51.868,51.868
52.8,52.8,52.8
52.062,52.062,52.062
50.178999999999995,50.178999999999995,50.178999999999995
50.82899999999999,50.82899999999999,50.82899999999999
51.093999999999994,51.093999999999994,51.093999999999994
52.508,52.508,52.508
52.721000000000004,52.721000000000004,52.721000000000004
51.901,51.901,51.901
51.678000000000004,51.678000000000004,51.678000000000004
52.128,52.128,52.128
52.61,52.61,52.61
51.613,51.613,51.613
51.839,51.839,51.839
52.553999999999995,52.553999999999995,52.553999999999995
52.257,52.257,52.257
51.023999999999994,51.023999999999994,51.023999999999994
52.208,52.208,52.208
52.089,52.089,52.089
52.356,52.356,52.356
52.545,52.545,52.545
50.576,50.576,50.576
52.268,52.268,52.268
51.148,51.148,51.148
51.85,51.85,51.85
50.907,50.907,50.907
52.213,52.213,52.213
52.673,52.673,52.673
52.845,52.845,52.845
50.218999999999994,50.218999999999994,50.218999999999994
52.258,52.258,52.258
51.81,51.81,51.81
51.376000000000005,51.376000000000005,51.376000000000005
52.413000000000004,52.413000000000004,52.413000000000004
52.34,52.34,52.34
50.797,50.797,50.797
50.758,50.758,50.758
51.185,51.185,51.185
50.258,50.258,50.258
50.567,50.567,50.567
52.261,52.261,52.261
50.913999999999994,50.913999999999994,50.913999999999994
51.742,51.742,51.742
51.898999999999994,51.898999999999994,51.898999999999994
52.406000000000006,52.406000000000006,52.406000000000006
51.227,51.227,51.227
51.92,51.92,51.92
52.42,52.42,52.42
53.151,53.151,53.151
49.854,49.854,49.854
51.068999999999996,51.068999999999996,51.068999999999996
52.485,52.485,52.485
50.051,50.051,50.051
51.306999999999995,51.306999999999995,51.306999999999995
50.215,50.215,50.215
51.24100000000001,51.24100000000001,51.24100000000001
51.037,51.037,51.037
50.027,50.027,50.027
53.192,53.192,53.192
52.754,52.754,52.754
50.82899999999999,50.82899999999999,50.82899999999999
52.312,52.312,52.312
51.617,51.617,51.617
51.888999999999996,51.888999999999996,51.888999999999996
49.086999999999996,49.086999999999996,49.086999999999996
50.405,50.405,50.405
49.231,49.231,49.231
51.777,51.777,51.777
51.562,51.562,51.562
49.788999999999994,49.788999999999994,49.788999999999994
50.38399999999999,50.38399999999999,50.38399999999999
50.391999999999996,50.391999999999996,50.391999999999996
50.02,50.02,50.02
50.548,50.548,50.548
49.54,49.54,49.54
50.235,50.235,50.235
49.503,49.503,49.503
50.536,50.536,50.536
49.103,49.103,49.103
51.226000000000006,51.226000000000006,51.226000000000006
49.652,49.652,49.652
50.422,50.422,50.422
50.523999999999994,50.523999999999994,50.523999999999994
49.747,49.747,49.747
50.56,50.56,50.56
49.615,49.615,49.615
51.667,51.667,51.667
51.325,51.325,51.325
50.81,50.81,50.81
50.042,50.042,50.042
50.06399999999999,50.06399999999999,50.06399999999999
49.468,49.468,49.468
50.132,50.132,50.132
51.403,51.403,51.403
50.556999999999995,50.556999999999995,50.556999999999995
49.586999999999996,49.586999999999996,49.586999999999996
49.071000000000005,49.071000000000005,49.071000000000005
49.681999999999995,49.681999999999995,49.681999999999995
49.553000000000004,49.553000000000004,49.553000000000004
50.1,50.1,50.1
47.865,47.865,47.865
49.553000000000004,49.553000000000004,49.553000000000004
51.419,51.419,51.419
47.81100000000001,47.81100000000001,47.81100000000001
49.448,49.448,49.448
48.675,48.675,48.675
50.50899999999999,50.50899999999999,50.50899999999999
47.585,47.585,47.585
49.325,49.325,49.325
48.376999999999995,48.376999999999995,48.376999999999995
46.887,46.887,46.887
49.021,49.021,49.021
49.748000000000005,49.748000000000005,49.748000000000005
49.687,49.687,49.687
49.266000000000005,49.266000000000005,49.266000000000005
49.158,49.158,49.158
48.381,48.381,48.381
48.84,48.84,48.84
48.271,48.271,48.271
50.188,50.188,50.188
47.753,47.753,47.753
49.052,49.052,49.052
50.415,50.415,50.415
48.095,48.095,48.095
47.875,47.875,47.875
47.148999999999994,47.148999999999994,47.148999999999994
46.781000000000006,46.781000000000006,46.781000000000006
48.036,48.036,48.036
48.946999999999996,48.946999999999996,48.946999999999996
47.512,47.512,47.512
49.192,49.192,49.192
47.896,47.896,47.896
47.181999999999995,47.181999999999995,47.181999999999995
46.497,46.497,46.497
47.442,47.442,47.442
47.702,47.702,47.702
50.46,50.46,50.46
47.468,47.468,47.468
49.412,49.412,49.412
49.68,49.68,49.68
49.412,49.412,49.412
48.583999999999996,48.583999999999996,48.583999999999996
47.326,47.326,47.326
47.876000000000005,47.876000000000005,47.876000000000005
49.137,49.137,49.137
48.838,48.838,48.838
48.973,48.973,48.973
49.066,49.066,49.066
48.555,48.555,48.555
49.293,49.293,49.293
48.911,48.911,48.911
48.65,48.65,48.65
49.588,49.588,49.588
47.711999999999996,47.711999999999996,47.711999999999996
46.851000000000006,46.851000000000006,46.851000000000006
48.836000000000006,48.836000000000006,48.836000000000006
49.492,49.492,49.492
50.126999999999995,50.126999999999995,50.126999999999995
47.903,47.903,47.903
48.18,48.18,48.18
49.327,49.327,49.327
47.86600000000001,47.86600000000001,47.86600000000001
49.715,49.715,49.715
46.466,46.466,46.466
50.23,50.23,50.23
48.173,48.173,48.173
48.06100000000001,48.06100000000001,48.06100000000001
50.494,50.494,50.494
48.08,48.08,48.08
47.768,47.768,47.768
48.527,48.527,48.527
47.165,47.165,47.165
49.431000000000004,49.431000000000004,49.431000000000004
49.4,49.4,49.4
49.0,49.0,49.0
48.407,48.407,48.407
49.761,49.761,49.761
47.565,47.565,47.565
50.126999999999995,50.126999999999995,50.126999999999995
47.463,47.463,47.463
48.166000000000004,48.166000000000004,48.166000000000004
48.956,48.956,48.956
48.398,48.398,48.398
47.898,47.898,47.898
50.19,50.19,50.19
49.391000000000005,49.391000000000005,49.391000000000005
48.608000000000004,48.608000000000004,48.608000000000004
48.87,48.87,48.87
49.501000000000005,49.501000000000005,49.501000000000005
48.898,48.898,48.898
48.36600000000001,48.36600000000001,48.36600000000001
48.963,48.963,48.963
50.253,50.253,50.253
49.016999999999996,49.016999999999996,49.016999999999996
49.771,49.771,49.771
49.211000000000006,49.211000000000006,49.211000000000006
49.504,49.504,49.504
48.738,48.738,48.738
48.687,48.687,48.687
48.905,48.905,48.905
48.742,48.742,48.742
48.809,48.809,48.809
49.797,49.797,49.797
47.992,47.992,47.992
48.045,48.045,48.045
48.85,48.85,48.85
48.35,48.35,48.35
48.498999999999995,48.498999999999995,48.498999999999995
49.376999999999995,49.376999999999995,49.376999999999995
48.443999999999996,48.443999999999996,48.443999999999996
48.738,48.738,48.738
47.395,47.395,47.395
48.948,48.948,48.948
49.08,49.08,49.08
48.613,48.613,48.613
49.464,49.464,49.464
47.825,47.825,47.825
49.906000000000006,49.906000000000006,49.906000000000006
49.083,49.083,49.083
48.181999999999995,48.181999999999995,48.181999999999995
49.093999999999994,49.093999999999994,49.093999999999994
48.873000000000005,48.873000000000005,48.873000000000005
48.854,48.854,48.854
49.757,49.757,49.757
49.174,49.174,49.174
48.187,48.187,48.187
49.707,49.707,49.707
49.128,49.128,49.128
48.728,48.728,48.728
49.328,49.328,49.328
47.158,47.158,47.158
51.466,51.466,51.466
48.644,48.644,48.644
48.363,48.363,48.363
49.693999999999996,49.693999999999996,49.693999999999996
47.563,47.563,47.563
47.526,47.526,47.526
49.293,49.293,49.293
49.618,49.618,49.618
50.53,50.53,50.53
47.332,47.332,47.332
49.403,49.403,49.403
48.873000000000005,48.873000000000005,48.873000000000005
48.14,48.14,48.14
50.55,50.55,50.55
48.181999999999995,48.181999999999995,48.181999999999995
48.356,48.356,48.356
48.568000000000005,48.568000000000005,48.568000000000005
49.986999999999995,49.986999999999995,49.986999999999995
49.056000000000004,49.056000000000004,49.056000000000004
46.857,46.857,46.857
49.67,49.67,49.67
48.301,48.301,48.301
47.773,47.773,47.773
48.073,48.073,48.073
48.256,48.256,48.256
49.092,49.092,49.092
49.174,49.174,49.174
49.92,49.92,49.92
47.238,47.238,47.238
48.483999999999995,48.483999999999995,48.483999999999995
47.442,47.442,47.442
46.54600000000001,46.54600000000001,46.54600000000001
48.18,48.18,48.18
47.251000000000005,47.251000000000005,47.251000000000005
46.513999999999996,46.513999999999996,46.513999999999996
47.816,47.816,47.816
48.507,48.507,48.507
48.21,48.21,48.21
48.576,48.576,48.576
49.468,49.468,49.468
48.551,48.551,48.551
48.715,48.715,48.715
47.756,47.756,47.756
49.426,49.426,49.426
48.152,48.152,48.152
46.735,46.735,46.735
47.2,47.2,47.2
46.843999999999994,46.843999999999994,46.843999999999994
49.327,49.327,49.327
47.159,47.159,47.159
48.776,48.776,48.776
46.841,46.841,46.841
46.398,46.398,46.398
47.632,47.632,47.632
46.672,46.672,46.672
47.486000000000004,47.486000000000004,47.486000000000004
46.917,46.917,46.917
49.692,49.692,49.692
46.317,46.317,46.317
48.301,48.301,48.301
48.857,48.857,48.857
48.25,48.25,48.25
47.373999999999995,47.373999999999995,47.373999999999995
47.92,47.92,47.92
47.343999999999994,47.343999999999994,47.343999999999994
48.332,48.332,48.332
47.458999999999996,47.458999999999996,47.458999999999996
47.84,47.84,47.84
47.224,47.224,47.224
47.541000000000004,47.541000000000004,47.541000000000004
46.738,46.738,46.738
46.585,46.585,46.585
48.621,48.621,48.621
45.798,45.798,45.798
46.371,46.371,46.371
46.725,46.725,46.725
46.425,46.425,46.425
46.233000000000004,46.233000000000004,46.233000000000004
48.493,48.493,48.493
46.012,46.012,46.012
46.856,46.856,46.856
45.657,45.657,45.657
45.805,45.805,45.805
45.13399999999999,45.13399999999999,45.13399999999999
47.44,47.44,47.44
45.465,45.465,45.465
46.99,46.99,46.99
46.198,46.198,46.198
46.101000000000006,46.101000000000006,46.101000000000006
46.049,46.049,46.049
47.667,47.667,47.667
45.515,45.515,45.515
46.111999999999995,46.111999999999995,46.111999999999995
48.257,48.257,48.257
48.137,48.137,48.137
45.6,45.6,45.6
45.967,45.967,45.967
46.538999999999994,46.538999999999994,46.538999999999994
44.527,44.527,44.527
47.097,47.097,47.097
45.528999999999996,45.528999999999996,45.528999999999996
49.253,49.253,49.253
45.758,45.758,45.758
47.775,47.775,47.775
46.11,46.11,46.11
47.17,47.17,47.17
44.786,44.786,44.786
46.858000000000004,46.858000000000004,46.858000000000004
47.595,47.595,47.595
45.766000000000005,45.766000000000005,45.766000000000005
45.081,45.081,45.081
46.831,46.831,46.831
45.886,45.886,45.886
46.769,46.769,46.769
46.08,46.08,46.08
46.093999999999994,46.093999999999994,46.093999999999994
45.676,45.676,45.676
45.953,45.953,45.953
46.958999999999996,46.958999999999996,46.958999999999996
47.68600000000001,47.68600000000001,47.68600000000001
46.433,46.433,46.433
46.702,46.702,46.702
46.718999999999994,46.718999999999994,46.718999999999994
46.239,46.239,46.239
45.717,45.717,45.717
45.794,45.794,45.794
47.047,47.047,47.047
44.483000000000004,44.483000000000004,44.483000000000004
46.623999999999995,46.623999999999995,46.623999999999995
45.83,45.83,45.83
48.269,48.269,48.269
46.802,46.802,46.802
47.141000000000005,47.141000000000005,47.141000000000005
44.765,44.765,44.765
45.993,45.993,45.993
47.22,47.22,47.22
45.495,45.495,45.495
48.192,48.192,48.192
47.353,47.353,47.353
48.284,48.284,48.284
46.508,46.508,46.508
48.047,48.047,48.047
47.812,47.812,47.812
45.798,45.798,45.798
44.861999999999995,44.861999999999995,44.861999999999995
46.56,46.56,46.56
46.843,46.843,46.843
47.168,47.168,47.168
46.531000000000006,46.531000000000006,46.531000000000006
47.468999999999994,47.468999999999994,47.468999999999994
46.708,46.708,46.708
45.733000000000004,45.733000000000004,45.733000000000004
47.518,47.518,47.518
45.097,45.097,45.097
45.88,45.88,45.88
47.736000000000004,47.736000000000004,47.736000000000004
47.733000000000004,47.733000000000004,47.733000000000004
45.448,45.448,45.448
45.971000000000004,45.971000000000004,45.971000000000004
47.202,47.202,47.202
46.385,46.385,46.385
47.967,47.967,47.967
46.507,46.507,46.507
45.783,45.783,45.783
46.942,46.942,46.942
46.403999999999996,46.403999999999996,46.403999999999996
47.92100000000001,47.92100000000001,47.92100000000001
47.566,47.566,47.566
46.137,46.137,46.137
47.004,47.004,47.004
47.303000000000004,47.303000000000004,47.303000000000004
47.548,47.548,47.548
45.979,45.979,45.979
47.943999999999996,47.943999999999996,47.943999999999996
47.666000000000004,47.666000000000004,47.666000000000004
48.59,48.59,48.59
47.516999999999996,47.516999999999996,47.516999999999996
47.368,47.368,47.368
47.285,47.285,47.285
47.105,47.105,47.105
46.218,46.218,46.218
46.667,46.667,46.667
46.715,46.715,46.715
48.768,48.768,48.768
46.593999999999994,46.593999999999994,46.593999999999994
48.321000000000005,48.321000000000005,48.321000000000005
47.698,47.698,47.698
47.672,47.672,47.672
49.928999999999995,49.928999999999995,49.928999999999995
48.581,48.581,48.581
47.818000000000005,47.818000000000005,47.818000000000005
49.251000000000005,49.251000000000005,49.251000000000005
47.823,47.823,47.823
47.717,47.717,47.717
47.023999999999994,47.023999999999994,47.023999999999994
49.63,49.63,49.63
49.29,49.29,49.29
48.132,48.132,48.132
49.466,49.466,49.466
47.333999999999996,47.333999999999996,47.333999999999996
46.809,46.809,46.809
47.809,47.809,47.809
47.256,47.256,47.256
48.313,48.313,48.313
48.202,48.202,48.202
47.434,47.434,47.434
49.24100000000001,49.24100000000001,49.24100000000001
48.145,48.145,48.145
46.136,46.136,46.136
47.6,47.6,47.6
50.826,50.826,50.826
48.254,48.254,48.254
49.332,49.332,49.332
48.226000000000006,48.226000000000006,48.226000000000006
48.318999999999996,48.318999999999996,48.318999999999996
50.185,50.185,50.185
50.286,50.286,50.286
50.005,50.005,50.005
48.294,48.294,48.294
48.578,48.578,48.578
48.738,48.738,48.738
50.647,50.647,50.647
49.391999999999996,49.391999999999996,49.391999999999996
49.864,49.864,49.864
49.766999999999996,49.766999999999996,49.766999999999996
51.075,51.075,51.075
50.903,50.903,50.903
50.035,50.035,50.035
49.942,49.942,49.942
49.937,49.937,49.937
47.872,47.872,47.872
50.826,50.826,50.826
50.381,50.381,50.381
50.693999999999996,50.693999999999996,50.693999999999996
50.662,50.662,50.662
50.104,50.104,50.104
48.435,48.435,48.435
49.208999999999996,49.208999999999996,49.208999999999996
51.355,51.355,51.355
52.176,52.176,52.176
50.173,50.173,50.173
50.56,50.56,50.56
52.042,52.042,52.042
50.43600000000001,50.43600000000001,50.43600000000001
52.93600000000001,52.93600000000001,52.93600000000001
48.871,48.871,48.871
52.553999999999995,52.553999999999995,52.553999999999995
51.588,51.588,51.588
51.324,51.324,51.324
51.198,51.198,51.198
52.012,52.012,52.012
52.662,52.662,52.662
52.532,52.532,52.532
51.622,51.622,51.622
52.228,52.228,52.228
52.038000000000004,52.038000000000004,52.038000000000004
50.98,50.98,50.98
50.20399999999999,50.20399999999999,50.20399999999999
50.342,50.342,50.342
52.687,52.687,52.687
53.846000000000004,53.846000000000004,53.846000000000004
52.777,52.777,52.777
51.808,51.808,51.808
50.695,50.695,50.695
51.591,51.591,51.591
52.324,52.324,52.324
52.025,52.025,52.025
52.942,52.942,52.942
52.199,52.199,52.199
54.756,54.756,54.756
51.526,51.526,51.526
51.881,51.881,51.881
53.678999999999995,53.678999999999995,53.678999999999995
52.629,52.629,52.629
53.31399999999999,53.31399999999999,53.31399999999999
52.72,52.72,52.72
53.553000000000004,53.553000000000004,53.553000000000004
53.038000000000004,53.038000000000004,53.038000000000004
53.294,53.294,53.294
52.693000000000005,52.693000000000005,52.693000000000005
52.711999999999996,52.711999999999996,52.711999999999996
52.86,52.86,52.86
51.657,51.657,51.657
51.876999999999995,51.876999999999995,51.876999999999995
53.912,53.912,53.912
51.97,51.97,51.97
52.832,52.832,52.832
53.435,53.435,53.435
54.418,54.418,54.418
52.82899999999999,52.82899999999999,52.82899999999999
52.29600000000001,52.29600000000001,52.29600000000001
53.012,53.012,53.012
53.903999999999996,53.903999999999996,53.903999999999996
52.50899999999999,52.50899999999999,52.50899999999999
51.629,51.629,51.629
52.923,52.923,52.923
53.51,53.51,53.51
52.901,52.901,52.901
53.772,53.772,53.772
51.736999999999995,51.736999999999995,51.736999999999995
51.457,51.457,51.457
51.422,51.422,51.422
51.801,51.801,51.801
52.611000000000004,52.611000000000004,52.611000000000004
53.228,53.228,53.228
52.272,52.272,52.272
53.318999999999996,53.318999999999996,53.318999999999996
52.833999999999996,52.833999999999996,52.833999999999996
53.523,53.523,53.523
53.705,53.705,53.705
52.318000000000005,52.318000000000005,52.318000000000005
51.483999999999995,51.483999999999995,51.483999999999995
54.092,54.092,54.092
51.36,51.36,51.36
52.098,52.098,52.098
53.882,53.882,53.882
53.803000000000004,53.803000000000004,53.803000000000004
51.668,51.668,51.668
51.716,51.716,51.716
52.225,52.225,52.225
51.813,51.813,51.813
51.87,51.87,51.87
52.288999999999994,52.288999999999994,52.288999999999994
52.251000000000005,52.251000000000005,52.251000000000005
52.025,52.025,52.025
51.756,51.756,51.756
52.165,52.165,52.165
51.998000000000005,51.998000000000005,51.998000000000005
51.951,51.951,51.951
52.667,52.667,52.667
52.39,52.39,52.39
52.928999999999995,52.928999999999995,52.928999999999995
52.07,52.07,52.07
49.713,49.713,49.713
52.79600000000001,52.79600000000001,52.79600000000001
51.173,51.173,51.173
54.522,54.522,54.522
51.853,51.853,51.853
53.633,53.633,53.633
51.953,51.953,51.953
52.595,52.595,52.595
50.486000000000004,50.486000000000004,50.486000000000004
51.74100000000001,51.74100000000001,51.74100000000001
54.25899999999999,54.25899999999999,54.25899999999999
50.354,50.354,50.354
51.973,51.973,51.973
50.608000000000004,50.608000000000004,50.608000000000004
52.159,52.159,52.159
51.185,51.185,51.185
51.784,51.784,51.784
51.543,51.543,51.543
53.269,53.269,53.269
50.853,50.853,50.853
53.236000000000004,53.236000000000004,53.236000000000004
53.783,53.783,53.783
52.06,52.06,52.06
51.538999999999994,51.538999999999994,51.538999999999994
51.43600000000001,51.43600000000001,51.43600000000001
52.18899999999999,52.18899999999999,52.18899999999999
51.702,51.702,51.702
52.681999999999995,52.681999999999995,52.681999999999995
50.55,50.55,50.55
53.49,53.49,53.49
51.501000000000005,51.501000000000005,51.501000000000005
49.64,49.64,49.64
50.583999999999996,50.583999999999996,50.583999999999996
53.13399999999999,53.13399999999999,53.13399999999999
52.879,52.879,52.879
51.123000000000005,51.123000000000005,51.123000000000005
50.839,50.839,50.839
51.784,51.784,51.784
51.879,51.879,51.879
51.323,51.323,51.323
51.165,51.165,51.165
51.888000000000005,51.888000000000005,51.888000000000005
52.407,52.407,52.407
50.832,50.832,50.832
51.422,51.422,51.422
51.48,51.48,51.48
50.763999999999996,50.763999999999996,50.763999999999996
52.761,52.761,52.761
50.213,50.213,50.213
50.964,50.964,50.964
50.483999999999995,50.483999999999995,50.483999999999995
50.135,50.135,50.135
51.57,51.57,51.57
52.00899999999999,52.00899999999999,52.00899999999999
51.963,51.963,51.963
50.835,50.835,50.835
50.256,50.256,50.256
51.615,51.615,51.615
50.702,50.702,50.702
53.138999999999996,53.138999999999996,53.138999999999996
48.876000000000005,48.876000000000005,48.876000000000005
51.158,51.158,51.158
51.443000000000005,51.443000000000005,51.443000000000005
52.23,52.23,52.23
51.675,51.675,51.675
49.928000000000004,49.928000000000004,49.928000000000004
52.917,52.917,52.917
50.934,50.934,50.934
49.827,49.827,49.827
49.993,49.993,49.993
51.70399999999999,51.70399999999999,51.70399999999999
49.99,49.99,49.99
51.975,51.975,51.975
51.007,51.007,51.007
51.309,51.309,51.309
52.433,52.433,52.433
50.269,50.269,50.269
49.36,49.36,49.36
50.604,50.604,50.604
49.706,49.706,49.706
51.227,51.227,51.227
50.551,50.551,50.551
50.839,50.839,50.839
51.935,51.935,51.935
51.033,51.033,51.033
49.347,49.347,49.347
51.53,51.53,51.53
50.13399999999999,50.13399999999999,50.13399999999999
50.452,50.452,50.452
50.901,50.901,50.901
51.422,51.422,51.422
49.082,49.082,49.082
48.348,48.348,48.348
51.001999999999995,51.001999999999995,51.001999999999995
50.254,50.254,50.254
50.985,50.985,50.985
49.852,49.852,49.852
50.74,50.74,50.74
48.201,48.201,48.201
50.303000000000004,50.303000000000004,50.303000000000004
50.251999999999995,50.251999999999995,50.251999999999995
49.191,49.191,49.191
51.498999999999995,51.498999999999995,51.498999999999995
48.64,48.64,48.64
51.351000000000006,51.351000000000006,51.351000000000006
48.51,48.51,48.51
50.305,50.305,50.305
48.04600000000001,48.04600000000001,48.04600000000001
50.523999999999994,50.523999999999994,50.523999999999994
49.693999999999996,49.693999999999996,49.693999999999996
50.125,50.125,50.125
50.086000000000006,50.086000000000006,50.086000000000006
50.70399999999999,50.70399999999999,50.70399999999999
48.06399999999999,48.06399999999999,48.06399999999999
49.685,49.685,49.685
50.656000000000006,50.656000000000006,50.656000000000006
51.626999999999995,51.626999999999995,51.626999999999995
50.676,50.676,50.676
49.298,49.298,49.298
48.845,48.845,48.845
50.938,50.938,50.938
50.324,50.324,50.324
48.864,48.864,48.864
48.006,48.006,48.006
50.141999999999996,50.141999999999996,50.141999999999996
50.437,50.437,50.437
48.951,48.951,48.951
51.443999999999996,51.443999999999996,51.443999999999996
49.782,49.782,49.782
49.198,49.198,49.198
49.407,49.407,49.407
52.298,52.298,52.298
49.351000000000006,49.351000000000006,49.351000000000006
51.766999999999996,51.766999999999996,51.766999999999996
48.381,48.381,48.381
48.483999999999995,48.483999999999995,48.483999999999995
50.601000000000006,50.601000000000006,50.601000000000006
50.2,50.2,50.2
49.964,49.964,49.964
50.578,50.578,50.578
49.343,49.343,49.343
50.121,50.121,50.121
49.107,49.107,49.107
50.24100000000001,50.24100000000001,50.24100000000001
51.145,51.145,51.145
50.07,50.07,50.07
51.586999999999996,51.586999999999996,51.586999999999996
50.044,50.044,50.044
50.68,50.68,50.68
51.696000000000005,51.696000000000005,51.696000000000005
49.766999999999996,49.766999999999996,49.766999999999996
50.111000000000004,50.111000000000004,50.111000000000004
50.46,50.46,50.46
51.394,51.394,51.394
50.955,50.955,50.955
51.648,51.648,51.648
51.54,51.54,51.54
47.875,47.875,47.875
50.035,50.035,50.035
49.762,49.762,49.762
50.273,50.273,50.273
50.718,50.718,50.718
51.463,51.463,51.463
50.986000000000004,50.986000000000004,50.986000000000004
53.188,53.188,53.188
50.631,50.631,50.631
51.81,51.81,51.81
51.51,51.51,51.51
52.101000000000006,52.101000000000006,52.101000000000006
50.49100000000001,50.49100000000001,50.49100000000001
49.669,49.669,49.669
51.617,51.617,51.617
50.117,50.117,50.117
50.802,50.802,50.802
51.678999999999995,51.678999999999995,51.678999999999995
51.577,51.577,51.577
51.288000000000004,51.288000000000004,51.288000000000004
53.071999999999996,53.071999999999996,53.071999999999996
49.973,49.973,49.973
51.876999999999995,51.876999999999995,51.876999999999995
49.398999999999994,49.398999999999994,49.398999999999994
50.896,50.896,50.896
50.07,50.07,50.07
50.336000000000006,50.336000000000006,50.336000000000006
51.023999999999994,51.023999999999994,51.023999999999994
51.927,51.927,51.927
50.86,50.86,50.86
53.306999999999995,53.306999999999995,53.306999999999995
51.016000000000005,51.016000000000005,51.016000000000005
51.507,51.507,51.507
51.363,51.363,51.363
52.101000000000006,52.101000000000006,52.101000000000006
51.403999999999996,51.403999999999996,51.403999999999996
50.653999999999996,50.653999999999996,50.653999999999996
50.405,50.405,50.405
50.49,50.49,50.49
51.84,51.84,51.84
50.383,50.383,50.383
49.035,49.035,49.035
50.655,50.655,50.655
51.827,51.827,51.827
50.152,50.152,50.152
51.595,51.595,51.595
52.425,52.425,52.425
52.641000000000005,52.641000000000005,52.641000000000005
50.931000000000004,50.931000000000004,50.931000000000004
50.792,50.792,50.792
51.677,51.677,51.677
49.257,49.257,49.257
51.708999999999996,51.708999999999996,51.708999999999996
48.823,48.823,48.823
51.708,51.708,51.708
51.317,51.317,51.317
49.596000000000004,49.596000000000004,49.596000000000004
50.645,50.645,50.645
51.592,51.592,51.592
52.022,52.022,52.022
50.443999999999996,50.443999999999996,50.443999999999996
49.94,49.94,49.94
51.18,51.18,51.18
51.989,51.989,51.989
52.218,52.218,52.218
51.746,51.746,51.746
51.836999999999996,51.836999999999996,51.836999999999996
50.361999999999995,50.361999999999995,50.361999999999995
48.918,48.918,48.918
51.328,51.328,51.328
52.248999999999995,52.248999999999995,52.248999999999995
50.927,50.927,50.927
53.214,53.214,53.214
50.626999999999995,50.626999999999995,50.626999999999995
52.376999999999995,52.376999999999995,52.376999999999995
51.9,51.9,51.9
51.111999999999995,51.111999999999995,51.111999999999995
52.056000000000004,52.056000000000004,52.056000000000004
53.467,53.467,53.467
50.735,50.735,50.735
49.121,49.121,49.121
52.232,52.232,52.232
51.265,51.265,51.265
50.983000000000004,50.983000000000004,50.983000000000004
50.508,50.508,50.508
52.136,52.136,52.136
51.422,51.422,51.422
52.003,52.003,52.003
52.33,52.33,52.33
49.257,49.257,49.257
51.193999999999996,51.193999999999996,51.193999999999996
50.34,50.34,50.34
49.468,49.468,49.468
50.156000000000006,50.156000000000006,50.156000000000006
52.8,52.8,52.8
50.692,50.692,50.692
51.053999999999995,51.053999999999995,51.053999999999995
51.157,51.157,51.157
50.568000000000005,50.568000000000005,50.568000000000005
53.416000000000004,53.416000000000004,53.416000000000004
51.657,51.657,51.657
50.887,50.887,50.887
50.482,50.482,50.482
50.519,50.519,50.519
50.803999999999995,50.803999999999995,50.803999999999995
49.042,49.042,49.042
51.208999999999996,51.208999999999996,51.208999999999996
51.251999999999995,51.251999999999995,51.251999999999995
50.50899999999999,50.50899999999999,50.50899999999999
51.463,51.463,51.463
50.135,50.135,50.135
51.562,51.562,51.562
50.961999999999996,50.961999999999996,50.961999999999996
51.148999999999994,51.148999999999994,51.148999999999994
51.442,51.442,51.442
51.86600000000001,51.86600000000001,51.86600000000001
50.833999999999996,50.833999999999996,50.833999999999996
51.141999999999996,51.141999999999996,51.141999999999996
52.256,52.256,52.256
51.25899999999999,51.25899999999999,51.25899999999999
50.086000000000006,50.086000000000006,50.086000000000006
51.201,51.201,51.201
51.117,51.117,51.117
51.358000000000004,51.358000000000004,51.358000000000004
52.933,52.933,52.933
50.58,50.58,50.58
49.153,49.153,49.153
52.527,52.527,52.527
50.793,50.793,50.793
52.25,52.25,52.25
50.869,50.869,50.869
50.244,50.244,50.244
50.74100000000001,50.74100000000001,50.74100000000001
51.358000000000004,51.358000000000004,51.358000000000004
52.013000000000005,52.013000000000005,52.013000000000005
50.34,50.34,50.34
50.549,50.549,50.549
52.563,52.563,52.563
50.571999999999996,50.571999999999996,50.571999999999996
51.989,51.989,51.989
52.806000000000004,52.806000000000004,52.806000000000004
50.027,50.027,50.027
49.67,49.67,49.67
50.95399999999999,50.95399999999999,50.95399999999999
51.928000000000004,51.928000000000004,51.928000000000004
51.496,51.496,51.496
52.483000000000004,52.483000000000004,52.483000000000004
50.223,50.223,50.223
52.27,52.27,52.27
52.178999999999995,52.178999999999995,52.178999999999995
50.614,50.614,50.614
49.498000000000005,49.498000000000005,49.498000000000005
50.902,50.902,50.902
51.461999999999996,51.461999999999996,51.461999999999996
49.443000000000005,49.443000000000005,49.443000000000005
52.038000000000004,52.038000000000004,52.038000000000004
51.413000000000004,51.413000000000004,51.413000000000004
52.32,52.32,52.32
50.497,50.497,50.497
52.321999999999996,52.321999999999996,52.321999999999996
53.255,53.255,53.255
49.883,49.883,49.883
50.592,50.592,50.592
50.528,50.528,50.528
51.643,51.643,51.643
49.144,49.144,49.144
50.726000000000006,50.726000000000006,50.726000000000006
51.205,51.205,51.205
49.387,49.387,49.387
52.577,52.577,52.577
50.104,50.104,50.104
50.375,50.375,50.375
49.479,49.479,49.479
50.478,50.478,50.478
50.067,50.067,50.067
52.756,52.756,52.756
50.938,50.938,50.938
49.403999999999996,49.403999999999996,49.403999999999996
51.378,51.378,51.378
50.8,50.8,50.8
50.479,50.479,50.479
50.363,50.363,50.363
51.2,51.2,51.2
50.031000000000006,50.031000000000006,50.031000000000006
52.553000000000004,52.553000000000004,52.553000000000004
50.896,50.896,50.896
52.038999999999994,52.038999999999994,52.038999999999994
50.354,50.354,50.354
50.073,50.073,50.073
52.935,52.935,52.935
49.876999999999995,49.876999999999995,49.876999999999995
50.372,50.372,50.372
49.799,49.799,49.799
49.338,49.338,49.338
51.159,51.159,51.159
50.019,50.019,50.019
52.216,52.216,52.216
51.13,51.13,51.13
49.358000000000004,49.358000000000004,49.358000000000004
48.99100000000001,48.99100000000001,48.99100000000001
52.285,52.285,52.285
50.978,50.978,50.978
48.92,48.92,48.92
50.748999999999995,50.748999999999995,50.748999999999995
50.498000000000005,50.498000000000005,50.498000000000005
49.742,49.742,49.742
49.563,49.563,49.563
50.787,50.787,50.787
52.275,52.275,52.275
50.028999999999996,50.028999999999996,50.028999999999996
49.849,49.849,49.849
50.621,50.621,50.621
49.489,49.489,49.489
50.082,50.082,50.082
49.876999999999995,49.876999999999995,49.876999999999995
48.067,48.067,48.067
50.718,50.718,50.718
49.07,49.07,49.07
48.768,48.768,48.768
49.523,49.523,49.523
49.178999999999995,49.178999999999995,49.178999999999995
48.28,48.28,48.28
48.592,48.592,48.592
48.313,48.313,48.313
48.581,48.581,48.581
49.681999999999995,49.681999999999995,49.681999999999995
48.425,48.425,48.425
47.657,47.657,47.657
48.321000000000005,48.321000000000005,48.321000000000005
49.805,49.805,49.805
49.913999999999994,49.913999999999994,49.913999999999994
48.68899999999999,48.68899999999999,48.68899999999999
49.162,49.162,49.162
48.178999999999995,48.178999999999995,48.178999999999995
49.285,49.285,49.285
51.535,51.535,51.535
50.188,50.188,50.188
47.835,47.835,47.835
49.501999999999995,49.501999999999995,49.501999999999995
48.247,48.247,48.247
48.178999999999995,48.178999999999995,48.178999999999995
48.075,48.075,48.075
49.365,49.365,49.365
45.62,45.62,45.62
48.771,48.771,48.771
47.655,47.655,47.655
48.349,48.349,48.349
47.698,47.698,47.698
48.302,48.302,48.302
48.397,48.397,48.397
47.968,47.968,47.968
49.442,49.442,49.442
47.863,47.863,47.863
47.732,47.732,47.732
46.907,46.907,46.907
48.696000000000005,48.696000000000005,48.696000000000005
46.718999999999994,46.718999999999994,46.718999999999994
48.556000000000004,48.556000000000004,48.556000000000004
49.70399999999999,49.70399999999999,49.70399999999999
47.92100000000001,47.92100000000001,47.92100000000001
48.501000000000005,48.501000000000005,48.501000000000005
49.735,49.735,49.735
46.522,46.522,46.522
47.673,47.673,47.673
48.849,48.849,48.849
48.626000000000005,48.626000000000005,48.626000000000005
49.473,49.473,49.473
47.119,47.119,47.119
46.961999999999996,46.961999999999996,46.961999999999996
49.744,49.744,49.744
47.867,47.867,47.867
47.941,47.941,47.941
48.133,48.133,48.133
47.977,47.977,47.977
46.648999999999994,46.648999999999994,46.648999999999994
47.333999999999996,47.333999999999996,47.333999999999996
48.742,48.742,48.742
48.88399999999999,48.88399999999999,48.88399999999999
48.989,48.989,48.989
48.156000000000006,48.156000000000006,48.156000000000006
47.471000000000004,47.471000000000004,47.471000000000004
48.746,48.746,48.746
49.286,49.286,49.286
48.292,48.292,48.292
47.003,47.003,47.003
49.021,49.021,49.021
48.498000000000005,48.498000000000005,48.498000000000005
48.286,48.286,48.286
47.076,47.076,47.076
48.156000000000006,48.156000000000006,48.156000000000006
49.09,49.09,49.09
47.631,47.631,47.631
47.245,47.245,47.245
48.449,48.449,48.449
47.891999999999996,47.891999999999996,47.891999999999996
49.611999999999995,49.611999999999995,49.611999999999995
46.977,46.977,46.977
48.805,48.805,48.805
45.495,45.495,45.495
46.753,46.753,46.753
46.763000000000005,46.763000000000005,46.763000000000005
45.708999999999996,45.708999999999996,45.708999999999996
46.208,46.208,46.208
46.956,46.956,46.956
49.013999999999996,49.013999999999996,49.013999999999996
46.905,46.905,46.905
46.967,46.967,46.967
47.516999999999996,47.516999999999996,47.516999999999996
46.77,46.77,46.77
45.586999999999996,45.586999999999996,45.586999999999996
47.46,47.46,47.46
47.801,47.801,47.801
48.443999999999996,48.443999999999996,48.443999999999996
47.305,47.305,47.305
47.215,47.215,47.215
48.66,48.66,48.66
45.665,45.665,45.665
47.994,47.994,47.994
45.292,45.292,45.292
45.591,45.591,45.591
48.256,48.256,48.256
48.516000000000005,48.516000000000005,48.516000000000005
48.498000000000005,48.498000000000005,48.498000000000005
47.785,47.785,47.785
47.08,47.08,47.08
48.263000000000005,48.263000000000005,48.263000000000005
47.683,47.683,47.683
48.244,48.244,48.244
45.026,45.026,45.026
46.373999999999995,46.373999999999995,46.373999999999995
48.516000000000005,48.516000000000005,48.516000000000005
47.75,47.75,47.75
48.641000000000005,48.641000000000005,48.641000000000005
46.045,46.045,46.045
47.729,47.729,47.729
45.148,45.148,45.148
47.157,47.157,47.157
47.284,47.284,47.284
48.19,48.19,48.19
47.287,47.287,47.287
47.49,47.49,47.49
48.51,48.51,48.51
49.545,49.545,49.545
48.379,48.379,48.379
47.867,47.867,47.867
48.652,48.652,48.652
48.903999999999996,48.903999999999996,48.903999999999996
47.556000000000004,47.556000000000004,47.556000000000004
45.613,45.613,45.613
47.053999999999995,47.053999999999995,47.053999999999995
49.365,49.365,49.365
46.846000000000004,46.846000000000004,46.846000000000004
47.88,47.88,47.88
47.68899999999999,47.68899999999999,47.68899999999999
47.876000000000005,47.876000000000005,47.876000000000005
46.997,46.997,46.997
48.805,48.805,48.805
47.975,47.975,47.975
48.801,48.801,48.801
46.466,46.466,46.466
49.193999999999996,49.193999999999996,49.193999999999996
48.283,48.283,48.283
47.673,47.673,47.673
46.121,46.121,46.121
47.688,47.688,47.688
47.273999999999994,47.273999999999994,47.273999999999994
49.117,49.117,49.117
48.004,48.004,48.004
48.106,48.106,48.106
48.101000000000006,48.101000000000006,48.101000000000006
48.505,48.505,48.505
47.794,47.794,47.794
48.368,48.368,48.368
47.787,47.787,47.787
46.82899999999999,46.82899999999999,46.82899999999999
47.613,47.613,47.613
47.973,47.973,47.973
46.405,46.405,46.405
45.50899999999999,45.50899999999999,45.50899999999999
49.33,49.33,49.33
48.321999999999996,48.321999999999996,48.321999999999996
47.068000000000005,47.068000000000005,47.068000000000005
48.93600000000001,48.93600000000001,48.93600000000001
46.721000000000004,46.721000000000004,46.721000000000004
48.821000000000005,48.821000000000005,48.821000000000005
47.174,47.174,47.174
46.853,46.853,46.853
49.306999999999995,49.306999999999995,49.306999999999995
46.586000000000006,46.586000000000006,46.586000000000006
47.455,47.455,47.455
48.696999999999996,48.696999999999996,48.696999999999996
47.64,47.64,47.64
49.104,49.104,49.104
49.632,49.632,49.632
49.262,49.262,49.262
47.876999999999995,47.876999999999995,47.876999999999995
48.081,48.081,48.081
49.273999999999994,49.273999999999994,49.273999999999994
48.525,48.525,48.525
49.336999999999996,49.336999999999996,49.336999999999996
48.568000000000005,48.568000000000005,48.568000000000005
47.655,47.655,47.655
46.836000000000006,46.836000000000006,46.836000000000006
47.62,47.62,47.62
46.994,46.994,46.994
47.625,47.625,47.625
48.653999999999996,48.653999999999996,48.653999999999996
47.597,47.597,47.597
48.956,48.956,48.956
48.544,48.544,48.544
48.63399999999999,48.63399999999999,48.63399999999999
47.538000000000004,47.538000000000004,47.538000000000004
48.256,48.256,48.256
48.269,48.269,48.269
50.06100000000001,50.06100000000001,50.06100000000001
48.637,48.637,48.637
49.59,49.59,49.59
48.431999999999995,48.431999999999995,48.431999999999995
48.731,48.731,48.731
48.576,48.576,48.576
48.924,48.924,48.924
49.165,49.165,49.165
47.352,47.352,47.352
47.162,47.162,47.162
46.778,46.778,46.778
50.18899999999999,50.18899999999999,50.18899999999999
48.916000000000004,48.916000000000004,48.916000000000004
49.113,49.113,49.113
48.541000000000004,48.541000000000004,48.541000000000004
47.818000000000005,47.818000000000005,47.818000000000005
48.175,48.175,48.175
47.119,47.119,47.119
47.428000000000004,47.428000000000004,47.428000000000004
47.101000000000006,47.101000000000006,47.101000000000006
48.506,48.506,48.506
48.577,48.577,48.577
47.841,47.841,47.841
48.973,48.973,48.973
47.248000000000005,47.248000000000005,47.248000000000005
49.156000000000006,49.156000000000006,49.156000000000006
48.53,48.53,48.53
47.736999999999995,47.736999999999995,47.736999999999995
48.847,48.847,48.847
49.058,49.058,49.058
48.31100000000001,48.31100000000001,48.31100000000001
49.727,49.727,49.727
47.817,47.817,47.817
49.696000000000005,49.696000000000005,49.696000000000005
48.135,48.135,48.135
47.795,47.795,47.795
47.705,47.705,47.705
48.66,48.66,48.66
49.013999999999996,49.013999999999996,49.013999999999996
49.288999999999994,49.288999999999994,49.288999999999994
46.867,46.867,46.867
47.685,47.685,47.685
46.928999999999995,46.928999999999995,46.928999999999995
47.25,47.25,47.25
46.961000000000006,46.961000000000006,46.961000000000006
47.913000000000004,47.913000000000004,47.913000000000004
46.766999999999996,46.766999999999996,46.766999999999996
47.823,47.823,47.823
48.477,48.477,48.477
48.123999999999995,48.123999999999995,48.123999999999995
46.778,46.778,46.778
48.698,48.698,48.698
48.372,48.372,48.372
48.597,48.597,48.597
50.64,50.64,50.64
48.05,48.05,48.05
48.83,48.83,48.83
47.897,47.897,47.897
46.547,46.547,46.547
50.15,50.15,50.15
48.673,48.673,48.673
48.17100000000001,48.17100000000001,48.17100000000001
49.013000000000005,49.013000000000005,49.013000000000005
47.855,47.855,47.855
48.773,48.773,48.773
49.05,49.05,49.05
47.258,47.258,47.258
48.989,48.989,48.989
50.65,50.65,50.65
47.055,47.055,47.055
48.086999999999996,48.086999999999996,48.086999999999996
46.747,46.747,46.747
49.318999999999996,49.318999999999996,49.318999999999996
46.708999999999996,46.708999999999996,46.708999999999996
49.56,49.56,49.56
47.525,47.525,47.525
48.446000000000005,48.446000000000005,48.446000000000005
47.849,47.849,47.849
46.975,46.975,46.975
50.291000000000004,50.291000000000004,50.291000000000004
48.261,48.261,48.261
48.50899999999999,48.50899999999999,48.50899999999999
50.13399999999999,50.13399999999999,50.13399999999999
47.199,47.199,47.199
48.657,48.657,48.657
49.312,49.312,49.312
49.467,49.467,49.467
50.271,50.271,50.271
47.533,47.533,47.533
50.111000000000004,50.111000000000004,50.111000000000004
48.975,48.975,48.975
48.328,48.328,48.328
47.879,47.879,47.879
47.953,47.953,47.953
47.727,47.727,47.727
50.733000000000004,50.733000000000004,50.733000000000004
49.111999999999995,49.111999999999995,49.111999999999995
50.133,50.133,50.133
49.638000000000005,49.638000000000005,49.638000000000005
50.815,50.815,50.815
49.743,49.743,49.743
48.803000000000004,48.803000000000004,48.803000000000004
48.534,48.534,48.534
47.302,47.302,47.302
47.87,47.87,47.87
48.86,48.86,48.86
51.125,51.125,51.125
49.843,49.843,49.843
48.702,48.702,48.702
49.62,49.62,49.62
47.893,47.893,47.893
50.153999999999996,50.153999999999996,50.153999999999996
48.64,48.64,48.64
49.997,49.997,49.997
49.005,49.005,49.005
48.474,48.474,48.474
47.778999999999996,47.778999999999996,47.778999999999996
48.263999999999996,48.263999999999996,48.263999999999996
49.188,49.188,49.188
48.372,48.372,48.372
48.553999999999995,48.553999999999995,48.553999999999995
48.145,48.145,48.145
46.574,46.574,46.574
50.506,50.506,50.506
47.18600000000001,47.18600000000001,47.18600000000001
48.463,48.463,48.463
48.85,48.85,48.85
48.976000000000006,48.976000000000006,48.976000000000006
50.718999999999994,50.718999999999994,50.718999999999994
49.547,49.547,49.547
49.063,49.063,49.063
47.73,47.73,47.73
49.81100000000001,49.81100000000001,49.81100000000001
49.913999999999994,49.913999999999994,49.913999999999994
49.285,49.285,49.285
47.735,47.735,47.735
50.195,50.195,50.195
49.431000000000004,49.431000000000004,49.431000000000004
47.958,47.958,47.958
49.442,49.442,49.442
49.693000000000005,49.693000000000005,49.693000000000005
49.982,49.982,49.982
48.093999999999994,48.093999999999994,48.093999999999994
49.537,49.537,49.537
49.427,49.427,49.427
47.59,47.59,47.59
49.278999999999996,49.278999999999996,49.278999999999996
48.18600000000001,48.18600000000001,48.18600000000001
49.703,49.703,49.703
50.309,50.309,50.309
50.06100000000001,50.06100000000001,50.06100000000001
48.695,48.695,48.695
50.553999999999995,50.553999999999995,50.553999999999995
48.73,48.73,48.73
50.088,50.088,50.088
49.312,49.312,49.312
49.34,49.34,49.34
48.257,48.257,48.257
51.045,51.045,51.045
50.431999999999995,50.431999999999995,50.431999999999995
49.951,49.951,49.951
49.486000000000004,49.486000000000004,49.486000000000004
48.773999999999994,48.773999999999994,48.773999999999994
48.501999999999995,48.501999999999995,48.501999999999995
49.926,49.926,49.926
51.091,51.091,51.091
48.391000000000005,48.391000000000005,48.391000000000005
49.841,49.841,49.841
47.67,47.67,47.67
50.065,50.065,50.065
49.665,49.665,49.665
48.854,48.854,48.854
49.558,49.558,49.558
49.927,49.927,49.927
50.788999999999994,50.788999999999994,50.788999999999994
48.133,48.133,48.133
48.348,48.348,48.348
49.533,49.533,49.533
49.763999999999996,49.763999999999996,49.763999999999996
50.599,50.599,50.599
50.137,50.137,50.137
51.86,51.86,51.86
50.167,50.167,50.167
50.67,50.67,50.67
50.052,50.052,50.052
49.406000000000006,49.406000000000006,49.406000000000006
50.2,50.2,50.2
50.879,50.879,50.879
50.083,50.083,50.083
49.971000000000004,49.971000000000004,49.971000000000004
48.373000000000005,48.373000000000005,48.373000000000005
48.738,48.738,48.738
48.803000000000004,48.803000000000004,48.803000000000004
49.611000000000004,49.611000000000004,49.611000000000004
48.88,48.88,48.88
50.255,50.255,50.255
50.25899999999999,50.25899999999999,50.25899999999999
50.528999999999996,50.528999999999996,50.528999999999996
48.91,48.91,48.91
48.998000000000005,48.998000000000005,48.998000000000005
49.547,49.547,49.547
49.107,49.107,49.107
48.636,48.636,48.636
48.082,48.082,48.082
50.771,50.771,50.771
48.683,48.683,48.683
48.535,48.535,48.535
50.597,50.597,50.597
48.485,48.485,48.485
48.57,48.57,48.57
50.18600000000001,50.18600000000001,50.18600000000001
47.403999999999996,47.403999999999996,47.403999999999996
49.79,49.79,49.79
48.772,48.772,48.772
49.813,49.813,49.813
49.652,49.652,49.652
50.521,50.521,50.521
48.23,48.23,48.23
48.978,48.978,48.978
50.266999999999996,50.266999999999996,50.266999999999996
49.243,49.243,49.243
49.078,49.078,49.078
50.044,50.044,50.044
47.703,47.703,47.703
49.597,49.597,49.597
50.7,50.7,50.7
48.949,48.949,48.949
47.849,47.849,47.849
50.32899999999999,50.32899999999999,50.32899999999999
49.155,49.155,49.155
48.802,48.802,48.802
46.617,46.617,46.617
48.214,48.214,48.214
50.655,50.655,50.655
48.427,48.427,48.427
48.129,48.129,48.129
49.821999999999996,49.821999999999996,49.821999999999996
49.703,49.703,49.703
48.738,48.738,48.738
48.583,48.583,48.583
49.157,49.157,49.157
52.446999999999996,52.446999999999996,52.446999999999996
46.813,46.813,46.813
48.151,48.151,48.151
47.623000000000005,47.623000000000005,47.623000000000005
49.083,49.083,49.083
50.843999999999994,50.843999999999994,50.843999999999994
48.806999999999995,48.806999999999995,48.806999999999995
47.833,47.833,47.833
49.191,49.191,49.191
47.881,47.881,47.881
48.792,48.792,48.792
48.908,48.908,48.908
47.44,47.44,47.44
50.038000000000004,50.038000000000004,50.038000000000004
48.358999999999995,48.358999999999995,48.358999999999995
50.56399999999999,50.56399999999999,50.56399999999999
46.658,46.658,46.658
47.99,47.99,47.99
49.65,49.65,49.65
47.998000000000005,47.998000000000005,47.998000000000005
45.373000000000005,45.373000000000005,45.373000000000005
48.523999999999994,48.523999999999994,48.523999999999994
48.82899999999999,48.82899999999999,48.82899999999999
48.744,48.744,48.744
49.198,49.198,49.198
49.501999999999995,49.501999999999995,49.501999999999995
48.103,48.103,48.103
47.6,47.6,47.6
48.717,48.717,48.717
47.883,47.883,47.883
47.67,47.67,47.67
48.383,48.383,48.383
47.523,47.523,47.523
47.245,47.245,47.245
47.095,47.095,47.095
46.916000000000004,46.916000000000004,46.916000000000004
48.063,48.063,48.063
50.283,50.283,50.283
48.126999999999995,48.126999999999995,48.126999999999995
46.641999999999996,46.641999999999996,46.641999999999996
47.47,47.47,47.47
47.581,47.581,47.581
48.318999999999996,48.318999999999996,48.318999999999996
47.99,47.99,47.99
47.467,47.467,47.467
48.867,48.867,48.867
48.75899999999999,48.75899999999999,48.75899999999999
48.77,48.77,48.77
45.398,45.398,45.398
47.943999999999996,47.943999999999996,47.943999999999996
47.022,47.022,47.022
45.836999999999996,45.836999999999996,45.836999999999996
48.608000000000004,48.608000000000004,48.608000000000004
47.137,47.137,47.137
46.773,46.773,46.773
46.21,46.21,46.21
47.175,47.175,47.175
48.207,48.207,48.207
48.38,48.38,48.38
48.48,48.48,48.48
48.361999999999995,48.361999999999995,48.361999999999995
47.08,47.08,47.08
48.339,48.339,48.339
48.361000000000004,48.361000000000004,48.361000000000004
46.465,46.465,46.465
47.123999999999995,47.123999999999995,47.123999999999995
45.826,45.826,45.826
46.66,46.66,46.66
49.537,49.537,49.537
47.401,47.401,47.401
45.536,45.536,45.536
48.184,48.184,48.184
47.948,47.948,47.948
46.836999999999996,46.836999999999996,46.836999999999996
46.39,46.39,46.39
48.852,48.852,48.852
46.79,46.79,46.79
46.101000000000006,46.101000000000006,46.101000000000006
47.266999999999996,47.266999999999996,47.266999999999996
46.458999999999996,46.458999999999996,46.458999999999996
48.251000000000005,48.251000000000005,48.251000000000005
46.663999999999994,46.663999999999994,46.663999999999994
47.434,47.434,47.434
48.106,48.106,48.106
45.998999999999995,45.998999999999995,45.998999999999995
44.663000000000004,44.663000000000004,44.663000000000004
47.14,47.14,47.14
47.243,47.243,47.243
46.31,46.31,46.31
47.427,47.427,47.427
45.0,45.0,45.0
46.106,46.106,46.106
46.669,46.669,46.669
45.007,45.007,45.007
47.388999999999996,47.388999999999996,47.388999999999996
48.193000000000005,48.193000000000005,48.193000000000005
46.216,46.216,46.216
48.434,48.434,48.434
46.833999999999996,46.833999999999996,46.833999999999996
45.2,45.2,45.2
47.047,47.047,47.047
46.38399999999999,46.38399999999999,46.38399999999999
45.693999999999996,45.693999999999996,45.693999999999996
46.393,46.393,46.393
47.91,47.91,47.91
46.336999999999996,46.336999999999996,46.336999999999996
45.266000000000005,45.266000000000005,45.266000000000005
46.985,46.985,46.985
46.456,46.456,46.456
46.483999999999995,46.483999999999995,46.483999999999995
47.275,47.275,47.275
46.361000000000004,46.361000000000004,46.361000000000004
44.347,44.347,44.347
46.398,46.398,46.398
46.975,46.975,46.975
45.657,45.657,45.657
46.696999999999996,46.696999999999996,46.696999999999996
46.891999999999996,46.891999999999996,46.891999999999996
46.533,46.533,46.533
47.626000000000005,47.626000000000005,47.626000000000005
48.522,48.522,48.522
46.129,46.129,46.129
45.997,45.997,45.997
47.427,47.427,47.427
46.565,46.565,46.565
45.016000000000005,45.016000000000005,45.016000000000005
48.473,48.473,48.473
45.83,45.83,45.83
46.613,46.613,46.613
45.621,46.649902663675874,47.11214497131979
46.198,46.738296307399594,47.09336805421746
44.075,46.68165591647049,47.20040234034734
47.035,46.73760086787183,47.160164882546376
48.79600000000001,46.70649982120562,47.09306734922034
46.431000000000004,46.75617607375479,47.25781784418823
46.738,46.71781307894461,47.29672104990612
47.32,46.767812005327585,47.1209497697578
47.474,46.74174714995495,47.139620522603124
46.433,46.77672592861215,47.221282289290706
47.48,46.75712567264733,47.18860045937554
46.592,46.78944489895218,47.10150084896613
44.746,46.77336524927192,47.31978463436356
44.637,46.796373555833455,47.32591071955411
44.03,46.79205924443986,47.21173930860487
45.31100000000001,46.80695205003278,47.23712069488487
45.059,46.813607507801144,47.50758846947368
44.727,46.81555846455805,47.32224258391494
45.361000000000004,46.824667784728256,47.37403942051111
45.321999999999996,46.832069395785936,47.438433929056224
46.693999999999996,46.840340513197546,47.38771287169284
46.198,46.84654467647756,47.2583035117224
47.13399999999999,46.849635122044546,47.43768133285839
46.505,46.85561224843968,47.358436456550955
47.278,46.87830350712623,47.40454966415374
45.871,46.860756631295416,47.43801516669628
47.373999999999995,46.88537388504126,47.39774009228093
46.08,46.8858396274123,47.44021563787432
44.208999999999996,46.896129481713224,47.474914991294305
48.3,46.88916832173448,47.450369441256356
47.406000000000006,46.91685460768174,47.433413761327
47.858000000000004,46.90415876176296,47.60843243388316
44.843,46.92531891420318,47.54128004819056
47.196999999999996,46.922627992095386,47.41158841446833
47.494,46.93604817020966,47.661191975543574
47.426,46.93159477321334,47.575625653345945
45.978,46.95720687035828,47.52520021013034
46.937,46.935305690163865,47.6838724676658
47.254,46.972359397488056,47.72894103151781
45.563,46.952606979184814,47.66033423251134
47.996,46.98925584956923,47.76355994302032
46.648,46.94834855205743,47.731198186432714
47.236999999999995,47.02109686358802,47.790047179475465
46.643,46.95824052296591,47.760231131784636
46.41,47.020051290266515,47.67569371757284
47.558,46.97803283252622,47.70750399800232
48.548,47.05153031130521,47.723201638918425
46.217,46.964527545548464,47.776071746961115
48.159,47.06900934219115,47.78832942934185
48.402,46.98281570397045,47.80558851719651
47.876999999999995,47.09146469258161,47.80723918051738
48.651,46.96859495919347,47.89969172102398
47.591,47.12907144737993,47.82892018957467
45.412,46.972029345504644,47.985478744165185
48.565,47.14426412955064,47.954010107305535
46.957,46.96440575553451,47.94095253542357
48.088,47.19209646654931,47.967474230422624
48.25,46.94566401944086,48.028744906210434
46.417,47.20677013317783,47.99958752627297
47.119,46.06995397511396,48.02389265367591
46.489,47.89636559076316,48.06881329616467
46.864,48.78675085143461,47.964512627315194
48.214,46.413944022753306,48.19198755330368
47.528,46.289071618429645,48.10421341343757
46.836999999999996,47.71920174407457,48.12726492556467
47.2,46.86143904942682,48.26003953583579
48.268,45.31873835560072,48.190054425148794
45.597,48.75135401327105,48.17738189991692
48.87,46.11140770749992,48.23473508619612
47.891000000000005,46.87873109375647,48.18335862820314
49.385,47.11393783149407,47.72623307568234
49.861999999999995,47.19240135835044,47.697062720410756
47.298,47.13105688094467,47.633272090418295
47.915,47.201170532753906,47.75156353265289
47.771,47.14689960417535,47.843988336472044
47.888000000000005,47.20468459237663,47.6636844127468
48.652,47.177000063334084,47.69099278774324
47.045,47.20834476272799,47.830056066870256
47.792,47.191959346157056,47.7953851315962
48.228,47.21817371814612,47.741984140412185
48.633,47.20809912626448,47.84824905553704
48.908,47.22570548537692,47.92407615005055
48.092,47.22170390539826,47.74531235181294
49.05,47.238277537312186,47.852570063980174
46.463,47.22993994492666,47.99615255491065
48.736999999999995,47.24997968610461,47.92758990763862
47.937,47.24222531086326,47.874074007705055
48.424,47.26321879480735,48.025972707108444
46.505,47.256462844024036,47.956788232835905
50.958999999999996,47.269006471642086,47.95041675914259
48.007,47.26860906931556,47.9486796420406
48.465,47.279718535947424,48.08460596029641
49.82,47.28305007392116,47.898408118507504
46.986999999999995,47.2918137685413,48.09541140940325
48.571000000000005,47.286115428305195,47.964260907988894
46.748999999999995,47.3105010753731,48.062987240842
49.896,47.2985206316733,48.11092267665036
49.638000000000005,47.311799309714836,48.01496838742864
49.088,47.315316348033804,48.07350878492913
47.292,47.32771930466269,48.15413292239701
47.193999999999996,47.31922226206423,48.14779967291944
49.021,47.33830981921899,48.01256122223611
48.576,47.335914446754394,48.20273167750707
48.199,47.34364489112809,48.252971714195944
48.221000000000004,47.35003947715141,48.129433545172255
48.106,47.35601743655506,48.252199267284766
48.443999999999996,47.35423377767904,48.27121763316458
49.081,47.37520695539383,48.25480332425551
47.746,47.359248239777266,48.27962036794407
47.831,47.3857450864346,48.32770999041513
49.413000000000004,47.36937349048245,48.30200348227652
49.216,47.407183484304106,48.325400105333216
50.953,47.36496932364751,48.300165416748385
48.23,47.423541642946034,48.30055196924244
48.371,47.383310764902156,48.366920104260316
48.199,47.42490604801727,48.404890715065186
49.82,47.38489353881522,48.36849374948202
51.393,47.45719096351678,48.40370107742454
48.26,47.38355966156436,48.397955753315394
48.333,47.46608797249089,48.48672388944806
49.817,47.390601948321546,48.4849684535212
50.93600000000001,47.49342550497806,48.49054558728341
48.783,47.37866043779996,48.62812518895954
48.273,47.51737130177806,48.43382989078675
48.126000000000005,47.386577305519616,48.63388145216107
48.45399999999999,47.53731260001644,48.52319088138086
50.042,47.36924156953554,48.61485933466869
48.92,47.57759625584361,48.57887725639293
49.18600000000001,47.372967184818265,48.57793036311528
48.739,48.218145674091545,48.61178121633033
49.996,46.63540925411461,48.63445147121356
49.568000000000005,47.00865062725797,48.737248927639364
47.611000000000004,48.34726153257594,48.60893122670391
49.696000000000005,47.66488598265173,48.7821225205854
48.093999999999994,46.97715538556457,48.715831719615174
47.881,47.33907406605106,48.715402364598496
48.445,48.40021187066671,48.71857739361176
49.747,45.739219549159515,48.769781042050845
49.972,48.99182578459168,48.77592268924208
50.306999999999995,48.018104504093344,48.80556385472738
48.943999999999996,47.5265050270919,48.279283303335006
52.361000000000004,47.53845779251493,48.505044702613375
49.992,47.52625443085621,48.66515172879528
48.125,47.54327776858244,48.392209362579564
49.108999999999995,47.543775746872576,48.16607828592403
48.236999999999995,47.55977991154473,48.38178632129383
48.073,47.55274721775343,48.58701617558778
49.332,47.57814253301703,48.60035294970085
50.482,47.56283191669444,48.74117429160744
49.228,47.58433357117711,48.948918198137584
49.379,47.57875318256297,48.84013229475731
49.833,47.58778720915844,48.64435160018968
49.537,47.591651898733986,48.845205501299816
50.008,47.595603409719004,48.80867400018208
49.25,47.595537112341226,48.64624552028348
49.35,47.61424881792277,48.82851056272479
50.619,47.608127710744775,48.64776791261756
50.553000000000004,47.62080019909455,48.69687333670359
51.417,47.61672682094203,48.90791870580118
50.882,47.62300338085197,48.84718951807347
51.19,47.633384058414535,49.10527105480146
50.733000000000004,47.63286850633024,48.99030088762202
50.537,47.63259053260634,49.074714365443526
51.261,47.651425669969754,48.85694305398981
50.076,47.64692105247441,49.208172423650744
51.284,47.64716714377893,49.04192731967037
51.419,47.65994324529042,49.04596259768448
50.463,47.66144465881447,49.39755815617325
51.79,47.66324334940015,49.327291885565046
51.483000000000004,47.67332756443476,48.96344521338942
50.71,47.668993497853634,49.064759272863625
49.836000000000006,47.686017513691624,49.23992268033258
49.43600000000001,47.6796057164536,48.96575362192341
51.736000000000004,47.69815152682642,49.09101140444159
51.465,47.682691668005894,49.13968876920286
51.016999999999996,47.70891388011222,49.256895037812015
49.667,47.696298266164405,49.48458492880601
51.736000000000004,47.70609091839015,49.17151687649316
51.986000000000004,47.70896939932812,49.11185944621706
50.173,47.72670395748258,49.183782935217494
50.071999999999996,47.70395352391992,48.99746830855666
51.681999999999995,47.74052949036976,49.06162090748668
51.417,47.71884322085808,49.25935964473523
51.802,47.74273244885494,49.49601313557318
52.343,47.71824685717389,49.6981964255386
52.062,47.76531446638105,49.463025028146134
51.083999999999996,47.72536930895257,49.54120106678994
51.213,47.768133236067754,49.4233895548654
51.74,47.73002030663264,49.42645125649082
51.953,47.79263291121833,49.29500875518708
50.535,47.72258445630487,49.479572783694174
51.888000000000005,47.80615002070857,49.51646658701214
51.216,47.73284481502274,49.3582820030416
53.126000000000005,47.82775588102363,49.65388377652234
52.773999999999994,47.718327832239574,49.33905750435722
53.413999999999994,47.84747937393886,49.60456267313719
51.853,47.71677875440542,49.421039355584455
52.653,47.87030062214952,49.29698003380648
52.58,47.66700712720467,49.53255101111616
51.17,46.178530531947004,49.628290784827634
51.59,49.21278428171813,49.56605814667757
50.938,48.78543024460164,49.759463090792764
52.766999999999996,46.84352988654615,49.687553326721165
52.424,48.92938229904973,49.47554421852543
51.861999999999995,47.34085866598519,49.68487195269628
51.227,47.13753056094069,49.511329459897
50.743,47.69781473786958,49.7894373661985
52.593,48.99675405783359,49.79806580186198
52.208999999999996,49.235439356555304,49.59636333492257
52.026,49.601710724047294,49.81664993176901
